# Made in Blockbench 4.2.5
mtllib Spider_Arm.mtl

o cube
v -0.21875 0.875 0.1875
v -0.21875 0.875 -0.125
v -0.21875 0.5625 0.1875
v -0.21875 0.5625 -0.125
v -0.3125 0.875 -0.125
v -0.3125 0.875 0.1875
v -0.3125 0.5625 -0.125
v -0.3125 0.5625 0.1875
vt 0.15625 1
vt 0.21875 1
vt 0.21875 0.84375
vt 0.15625 0.84375
vt 0 1
vt 0.15625 1
vt 0.15625 0.84375
vt 0 0.84375
vt 0.15625 0.84375
vt 0.21875 0.84375
vt 0.21875 0.6875
vt 0.15625 0.6875
vt 0 0.84375
vt 0.15625 0.84375
vt 0.15625 0.6875
vt 0 0.6875
vt 0.28125 0.84375
vt 0.21875 0.84375
vt 0.21875 1
vt 0.28125 1
vt 0.28125 0.84375
vt 0.21875 0.84375
vt 0.21875 0.6875
vt 0.28125 0.6875
vn 0 0 -1
vn 1 0 0
vn 0 0 1
vn -1 0 0
vn 0 1 0
vn 0 -1 0
usemtl m_0
f 4/4/1 7/3/1 5/2/1 2/1/1
f 3/8/2 4/7/2 2/6/2 1/5/2
f 8/12/3 3/11/3 1/10/3 6/9/3
f 7/16/4 8/15/4 6/14/4 5/13/4
f 6/20/5 1/19/5 2/18/5 5/17/5
f 7/24/6 4/23/6 3/22/6 8/21/6
o cube
v -0.09888840312738933 0.030373392286804274 0.5761179731188919
v -0.10551752920101326 0.018590336444547467 0.563126561243416
v 0.003972494453633957 -0.039773799922546565 0.5872538239606835
v -0.0026566316199899687 -0.05155685576480337 0.5742624120852076
v -0.11385773254677112 0.008490437827036096 0.576542803491803
v -0.10722860647314719 0.020273493669292902 0.5895342153672789
v -0.010996834965747826 -0.061656754382314743 0.5876786543335946
v -0.0043677088921239005 -0.04987369854005794 0.6006700662090705
vt 0.5 0.46875
vt 0.53125 0.46875
vt 0.53125 0.40625
vt 0.5 0.40625
vt 0.53125 0.46875
vt 0.5625 0.46875
vt 0.5625 0.40625
vt 0.53125 0.40625
vt 0.5625 0.96875
vt 0.59375 0.96875
vt 0.59375 0.90625
vt 0.5625 0.90625
vt 0.5625 0.90625
vt 0.59375 0.90625
vt 0.59375 0.84375
vt 0.5625 0.84375
vt 0.375 0.34375
vt 0.34375 0.34375
vt 0.34375 0.375
vt 0.375 0.375
vt 0.40625 0.375
vt 0.375 0.375
vt 0.375 0.34375
vt 0.40625 0.34375
vn -0.3535533905932754 -0.6284296449203615 -0.692875300025385
vn 0.44481084510708396 0.5386612596006041 -0.7155329199139706
vn 0.3535533905932754 0.6284296449203615 0.692875300025385
vn -0.44481084510708396 -0.5386612596006041 0.7155329199139706
vn -0.8228871806481863 0.5611775376748067 -0.0890868067343325
vn 0.8228871806481863 -0.5611775376748067 0.0890868067343325
usemtl m_0
f 12/28/7 15/27/7 13/26/7 10/25/7
f 11/32/8 12/31/8 10/30/8 9/29/8
f 16/36/9 11/35/9 9/34/9 14/33/9
f 15/40/10 16/39/10 14/38/10 13/37/10
f 14/44/11 9/43/11 10/42/11 13/41/11
f 15/48/12 12/47/12 11/46/12 16/45/12
o cube
v -0.3435662058971295 0.22397716819332153 0.5479243207036538
v -0.3612438754267933 0.19255568594730343 0.5132805557023846
v -0.08641396194457121 0.048609187669944376 0.5757639478081328
v -0.104091631474235 0.01718770542392628 0.5411201828068636
v -0.3834844176821476 0.16562262296727315 0.5490572016980831
v -0.36580674815248376 0.1970441052132913 0.5837009666993525
v -0.12633217372958924 -0.009745357556104006 0.5768968288025621
v -0.10865450419992545 0.02167612468991409 0.6115405938038314
vt 0.25 0.6875
vt 0.28125 0.6875
vt 0.28125 0.53125
vt 0.25 0.53125
vt 0.28125 0.6875
vt 0.3125 0.6875
vt 0.3125 0.53125
vt 0.28125 0.53125
vt 0.3125 0.6875
vt 0.34375 0.6875
vt 0.34375 0.53125
vt 0.3125 0.53125
vt 0.34375 1
vt 0.375 1
vt 0.375 0.84375
vt 0.34375 0.84375
vt 0.65625 0.59375
vt 0.625 0.59375
vt 0.625 0.625
vt 0.65625 0.625
vt 0.4375 0.375
vt 0.40625 0.375
vt 0.40625 0.34375
vt 0.4375 0.34375
vn -0.3535533905932754 -0.6284296449203615 -0.692875300025385
vn 0.44481084510708396 0.5386612596006041 -0.7155329199139706
vn 0.3535533905932754 0.6284296449203615 0.692875300025385
vn -0.44481084510708396 -0.5386612596006041 0.7155329199139706
vn -0.8228871806481863 0.5611775376748067 -0.0890868067343325
vn 0.8228871806481863 -0.5611775376748067 0.0890868067343325
usemtl m_0
f 20/52/13 23/51/13 21/50/13 18/49/13
f 19/56/14 20/55/14 18/54/14 17/53/14
f 24/60/15 19/59/15 17/58/15 22/57/15
f 23/64/16 24/63/16 22/62/16 21/61/16
f 22/68/17 17/67/17 18/66/17 21/65/17
f 23/72/18 20/71/18 19/70/18 24/69/18
o cube
v -0.3240723159765245 0.2558831718495494 0.5406101482607808
v -0.35721794634464404 0.19696789263826553 0.47565308888340097
v -0.30736354468481986 0.20727670486420574 0.5761696523226234
v -0.34050917505293943 0.14836142565292182 0.5112125929452436
v -0.41324281325141593 0.19796298094534992 0.5033383573007307
v -0.3800971828832964 0.2568782601566338 0.5682954166781107
v -0.39653404195971126 0.1493565139600062 0.5388978613625733
v -0.36338841159159174 0.20827179317129013 0.6038549207399532
vt 0.625 0.59375
vt 0.65625 0.59375
vt 0.65625 0.5625
vt 0.625 0.5625
vt 0.53125 0.71875
vt 0.59375 0.71875
vt 0.59375 0.6875
vt 0.53125 0.6875
vt 0.4375 0.375
vt 0.46875 0.375
vt 0.46875 0.34375
vt 0.4375 0.34375
vt 0.5625 0.84375
vt 0.625 0.84375
vt 0.625 0.8125
vt 0.5625 0.8125
vt 0.59375 0.75
vt 0.5625 0.75
vt 0.5625 0.8125
vt 0.59375 0.8125
vt 0.59375 0.6875
vt 0.5625 0.6875
vt 0.5625 0.625
vt 0.59375 0.625
vn -0.3535533905932751 -0.6284296449203614 -0.6928753000253853
vn 0.8963978705083501 -0.01592141291335017 -0.44296429467727716
vn 0.3535533905932751 0.6284296449203614 0.6928753000253853
vn -0.8963978705083501 0.01592141291335017 0.44296429467727716
vn -0.267340340667274 0.7777034717654996 -0.5689520649894809
vn 0.267340340667274 -0.7777034717654996 0.5689520649894809
usemtl m_0
f 28/76/19 31/75/19 29/74/19 26/73/19
f 27/80/20 28/79/20 26/78/20 25/77/20
f 32/84/21 27/83/21 25/82/21 30/81/21
f 31/88/22 32/87/22 30/86/22 29/85/22
f 30/92/23 25/91/23 26/90/23 29/89/23
f 31/96/24 28/95/24 27/94/24 32/93/24
o cube
v -0.393726228940386 0.4821140878100831 0.37096369515974303
v -0.4268718593085055 0.42319880859879927 0.3060066357823632
v -0.40226007127329366 0.43848221077154464 0.41489185060850897
v -0.4354057016414132 0.3795669315602608 0.34993479123112914
v -0.48470906433292804 0.44464264546700166 0.3160699143402118
v -0.45156343396480847 0.5035579246782854 0.38102697371759164
v -0.4932429066658357 0.4010107684284632 0.35999806978897775
v -0.46009727629771613 0.45992604763974704 0.4249551291663576
vt 0.625 0.5625
vt 0.65625 0.5625
vt 0.65625 0.53125
vt 0.625 0.53125
vt 0.5625 0.75
vt 0.625 0.75
vt 0.625 0.71875
vt 0.5625 0.71875
vt 0.46875 0.375
vt 0.5 0.375
vt 0.5 0.34375
vt 0.46875 0.34375
vt 0.5625 0.625
vt 0.625 0.625
vt 0.625 0.59375
vt 0.5625 0.59375
vt 0.59375 0.53125
vt 0.5625 0.53125
vt 0.5625 0.59375
vt 0.59375 0.59375
vt 0.59375 0.53125
vt 0.5625 0.53125
vt 0.5625 0.46875
vt 0.59375 0.46875
vn -0.3535533905932753 -0.6284296449203612 -0.6928753000253853
vn 0.925395280390758 -0.3431013898912378 -0.1610124569255778
vn 0.3535533905932753 0.6284296449203612 0.6928753000253853
vn -0.925395280390758 0.3431013898912378 0.1610124569255778
vn 0.13654147732652228 0.6981100326166139 -0.7028504871802547
vn -0.13654147732652228 -0.6981100326166139 0.7028504871802547
usemtl m_0
f 36/100/25 39/99/25 37/98/25 34/97/25
f 35/104/26 36/103/26 34/102/26 33/101/26
f 40/108/27 35/107/27 33/106/27 38/105/27
f 39/112/28 40/111/28 38/110/28 37/109/28
f 38/116/29 33/115/29 34/114/29 37/113/29
f 39/120/30 36/119/30 35/118/30 40/117/30
o cube
v -0.42595042601960276 0.49035444822157437 0.35738186790949816
v -0.4480475129316825 0.4510775954140518 0.3140771616579116
v -0.3302672329421358 0.24733640051450245 0.5289720921390375
v -0.3523643198542155 0.20805954770697987 0.4856673858874509
v -0.5032902302118816 0.4499515523056672 0.34328716361645406
v -0.4811931432998018 0.48922840511318977 0.3865918698680406
v -0.40760703713441454 0.20693350459859527 0.5148773878459934
v -0.3855099502223348 0.24621035740611785 0.5581820940975799
vt 0.34375 0.84375
vt 0.375 0.84375
vt 0.375 0.6875
vt 0.34375 0.6875
vt 0.34375 0.6875
vt 0.375 0.6875
vt 0.375 0.53125
vt 0.34375 0.53125
vt 0.375 1
vt 0.40625 1
vt 0.40625 0.84375
vt 0.375 0.84375
vt 0.375 0.84375
vt 0.40625 0.84375
vt 0.40625 0.6875
vt 0.375 0.6875
vt 0.65625 0.5
vt 0.625 0.5
vt 0.625 0.53125
vt 0.65625 0.53125
vt 0.65625 0.5
vt 0.625 0.5
vt 0.625 0.46875
vt 0.65625 0.46875
vn -0.353553390593275 -0.6284296449203614 -0.6928753000253854
vn 0.8838834764831849 0.018016689734153102 -0.4673600313366798
vn 0.353553390593275 0.6284296449203614 0.6928753000253854
vn -0.8838834764831849 -0.018016689734153102 0.4673600313366798
vn -0.3061862178478943 0.7776577526626297 -0.5490887175345256
vn 0.3061862178478943 -0.7776577526626297 0.5490887175345256
usemtl m_0
f 44/124/31 47/123/31 45/122/31 42/121/31
f 43/128/32 44/127/32 42/126/32 41/125/32
f 48/132/33 43/131/33 41/130/33 46/129/33
f 47/136/34 48/135/34 46/134/34 45/133/34
f 46/140/35 41/139/35 42/138/35 45/137/35
f 47/144/36 44/143/36 43/142/36 48/141/36
o cube
v -0.24001627447242685 0.5831653461616854 0.1783268931697643
v -0.2621133613845065 0.5438884933541627 0.13502218691817755
v -0.43138266062736264 0.4567804126200613 0.3906050239879888
v -0.4534797475394423 0.4175035598125386 0.3473003177364021
v -0.30630753520866577 0.5854174323784549 0.11990688925267909
v -0.2842104482965861 0.6246942851859775 0.16321159550426584
v -0.49767392136360156 0.4590324988368308 0.3321850200709036
v -0.4755768344515219 0.4983093516443534 0.37548972632249034
vt 0.375 0.6875
vt 0.40625 0.6875
vt 0.40625 0.53125
vt 0.375 0.53125
vt 0.40625 1
vt 0.4375 1
vt 0.4375 0.84375
vt 0.40625 0.84375
vt 0.40625 0.84375
vt 0.4375 0.84375
vt 0.4375 0.6875
vt 0.40625 0.6875
vt 0.40625 0.6875
vt 0.4375 0.6875
vt 0.4375 0.53125
vt 0.40625 0.53125
vt 0.65625 0.4375
vt 0.625 0.4375
vt 0.625 0.46875
vt 0.65625 0.46875
vt 0.65625 0.4375
vt 0.625 0.4375
vt 0.625 0.40625
vt 0.65625 0.40625
vn -0.3535533905932739 -0.628429644920361 -0.6928753000253862
vn 0.7071067811865475 -0.664463024388675 0.24184476264797522
vn 0.3535533905932739 0.628429644920361 0.6928753000253862
vn -0.7071067811865475 0.664463024388675 -0.24184476264797522
vn 0.6123724356957947 0.404431787333197 -0.6792900186183186
vn -0.6123724356957947 -0.404431787333197 0.6792900186183186
usemtl m_0
f 52/148/37 55/147/37 53/146/37 50/145/37
f 51/152/38 52/151/38 50/150/38 49/149/38
f 56/156/39 51/155/39 49/154/39 54/153/39
f 55/160/40 56/159/40 54/158/40 53/157/40
f 54/164/41 49/163/41 50/162/41 53/161/41
f 55/168/42 52/167/42 51/166/42 56/165/42
o cube
v -0.2621133613845064 0.5507390221730857 -0.057960457873989873
v -0.2400162744724268 0.5900158749806084 -0.10126516412557665
v -0.45347974753944237 0.4243540886314617 -0.2702385886922145
v -0.43138266062736275 0.46363094143898437 -0.3135432949438013
v -0.28421044829658604 0.6315448140049007 -0.08614986646007819
v -0.30630753520866566 0.592267961197378 -0.04284516020849141
v -0.4755768344515219 0.5051598804632766 -0.2984279972783028
v -0.49767392136360156 0.4658830276557539 -0.25512329102671605
vt 0.28125 1
vt 0.3125 1
vt 0.3125 0.84375
vt 0.28125 0.84375
vt 0.28125 0.84375
vt 0.3125 0.84375
vt 0.3125 0.6875
vt 0.28125 0.6875
vt 0 0.6875
vt 0.03125 0.6875
vt 0.03125 0.53125
vt 0 0.53125
vt 0.3125 1
vt 0.34375 1
vt 0.34375 0.84375
vt 0.3125 0.84375
vt 0.125 0.34375
vt 0.09375 0.34375
vt 0.09375 0.375
vt 0.125 0.375
vt 0.15625 0.375
vt 0.125 0.375
vt 0.125 0.34375
vt 0.15625 0.34375
vn 0.3535533905932739 0.628429644920361 -0.6928753000253862
vn 0.7071067811865475 -0.664463024388675 -0.24184476264797522
vn -0.3535533905932739 -0.628429644920361 0.6928753000253862
vn -0.7071067811865475 0.664463024388675 0.24184476264797522
vn 0.6123724356957947 0.404431787333197 0.6792900186183186
vn -0.6123724356957947 -0.404431787333197 -0.6792900186183186
usemtl m_0
f 60/172/43 63/171/43 61/170/43 58/169/43
f 59/176/44 60/175/44 58/174/44 57/173/44
f 64/180/45 59/179/45 57/178/45 62/177/45
f 63/184/46 64/183/46 62/182/46 61/181/46
f 62/188/47 57/187/47 58/186/47 61/185/47
f 63/192/48 60/191/48 59/190/48 64/189/48
o cube
v -0.4480475129316825 0.4579281242329748 -0.23701543261372388
v -0.42595042601960276 0.4972049770404974 -0.28032013886531043
v -0.3523643198542155 0.21491007652590288 -0.40860565684326317
v -0.3302672329421358 0.25418692933342546 -0.4519103630948497
v -0.4811931432998018 0.4960789339321128 -0.3095301408238529
v -0.5032902302118816 0.4568020811245902 -0.26622543457226633
v -0.3855099502223348 0.25306088622504086 -0.48112036505339223
v -0.40760703713441454 0.21378403341751828 -0.4378156588018057
vt 0.03125 0.6875
vt 0.0625 0.6875
vt 0.0625 0.53125
vt 0.03125 0.53125
vt 0.0625 0.6875
vt 0.09375 0.6875
vt 0.09375 0.53125
vt 0.0625 0.53125
vt 0.09375 0.6875
vt 0.125 0.6875
vt 0.125 0.53125
vt 0.09375 0.53125
vt 0.125 0.6875
vt 0.15625 0.6875
vt 0.15625 0.53125
vt 0.125 0.53125
vt 0.1875 0.34375
vt 0.15625 0.34375
vt 0.15625 0.375
vt 0.1875 0.375
vt 0.65625 0.84375
vt 0.625 0.84375
vt 0.625 0.8125
vt 0.65625 0.8125
vn 0.353553390593275 0.6284296449203614 -0.6928753000253854
vn 0.8838834764831849 0.018016689734153102 0.4673600313366798
vn -0.353553390593275 -0.6284296449203614 0.6928753000253854
vn -0.8838834764831849 -0.018016689734153102 -0.4673600313366798
vn -0.3061862178478943 0.7776577526626297 0.5490887175345256
vn 0.3061862178478943 -0.7776577526626297 -0.5490887175345256
usemtl m_0
f 68/196/49 71/195/49 69/194/49 66/193/49
f 67/200/50 68/199/50 66/198/50 65/197/50
f 72/204/51 67/203/51 65/202/51 70/201/51
f 71/208/52 72/207/52 70/206/52 69/205/52
f 70/212/53 65/211/53 66/210/53 69/209/53
f 71/216/54 68/215/54 67/214/54 72/213/54
o cube
v -0.4268718593085056 0.4300493374177222 -0.22894490673817552
v -0.393726228940386 0.48896461662900603 -0.2939019661155554
v -0.4354057016414132 0.3864174603791838 -0.2728730621869414
v -0.40226007127329366 0.4453327395904677 -0.33783012156432124
v -0.4515634339648086 0.5104084534972084 -0.303965244673404
v -0.4847090643329281 0.4514931742859246 -0.23900818529602413
v -0.46009727629771613 0.4667765764586701 -0.34789340012216996
v -0.4932429066658357 0.4078612972473863 -0.28293634074479007
vt 0.1875 0.375
vt 0.21875 0.375
vt 0.21875 0.34375
vt 0.1875 0.34375
vt 0.5 0.6875
vt 0.5625 0.6875
vt 0.5625 0.65625
vt 0.5 0.65625
vt 0.21875 0.375
vt 0.25 0.375
vt 0.25 0.34375
vt 0.21875 0.34375
vt 0.5 0.65625
vt 0.5625 0.65625
vt 0.5625 0.625
vt 0.5 0.625
vt 0.53125 0.5625
vt 0.5 0.5625
vt 0.5 0.625
vt 0.53125 0.625
vt 0.53125 0.5625
vt 0.5 0.5625
vt 0.5 0.5
vt 0.53125 0.5
vn 0.3535533905932753 0.6284296449203612 -0.6928753000253853
vn 0.925395280390758 -0.3431013898912378 0.1610124569255778
vn -0.3535533905932753 -0.6284296449203612 0.6928753000253853
vn -0.925395280390758 0.3431013898912378 -0.1610124569255778
vn 0.13654147732652228 0.6981100326166139 0.7028504871802547
vn -0.13654147732652228 -0.6981100326166139 -0.7028504871802547
usemtl m_0
f 76/220/55 79/219/55 77/218/55 74/217/55
f 75/224/56 76/223/56 74/222/56 73/221/56
f 80/228/57 75/227/57 73/226/57 78/225/57
f 79/232/58 80/231/58 78/230/58 77/229/58
f 78/236/59 73/235/59 74/234/59 77/233/59
f 79/240/60 76/239/60 75/238/60 80/237/60
o cube
v -0.35721794634464404 0.20381842145718862 -0.39859135983921323
v -0.3240723159765245 0.26273370066847257 -0.46354841921659307
v -0.34050917505293943 0.1552119544718449 -0.4341508639010558
v -0.30736354468481986 0.21412723368312878 -0.4991079232784356
v -0.3800971828832964 0.26372878897555696 -0.49123368763392283
v -0.41324281325141593 0.204813509764273 -0.426276628256543
v -0.36338841159159174 0.21512232199021317 -0.5267931916957654
v -0.39653404195971126 0.1562070427789293 -0.46183613231838555
vt 0.25 0.375
vt 0.28125 0.375
vt 0.28125 0.34375
vt 0.25 0.34375
vt 0.5 0.5
vt 0.5625 0.5
vt 0.5625 0.46875
vt 0.5 0.46875
vt 0.625 0.75
vt 0.65625 0.75
vt 0.65625 0.71875
vt 0.625 0.71875
vt 0.53125 1
vt 0.59375 1
vt 0.59375 0.96875
vt 0.53125 0.96875
vt 0.5625 0.90625
vt 0.53125 0.90625
vt 0.53125 0.96875
vt 0.5625 0.96875
vt 0.5625 0.90625
vt 0.53125 0.90625
vt 0.53125 0.84375
vt 0.5625 0.84375
vn 0.3535533905932751 0.6284296449203614 -0.6928753000253853
vn 0.8963978705083501 -0.01592141291335017 0.44296429467727716
vn -0.3535533905932751 -0.6284296449203614 0.6928753000253853
vn -0.8963978705083501 0.01592141291335017 -0.44296429467727716
vn -0.267340340667274 0.7777034717654996 0.5689520649894809
vn 0.267340340667274 -0.7777034717654996 -0.5689520649894809
usemtl m_0
f 84/244/61 87/243/61 85/242/61 82/241/61
f 83/248/62 84/247/62 82/246/62 81/245/62
f 88/252/63 83/251/63 81/250/63 86/249/63
f 87/256/64 88/255/64 86/254/64 85/253/64
f 86/260/65 81/259/65 82/258/65 85/257/65
f 87/264/66 84/263/66 83/262/66 88/261/66
o cube
v -0.3612438754267933 0.19940621476622644 -0.4362188266581969
v -0.3435662058971295 0.23082769701224454 -0.4708625916594661
v -0.10409163147423506 0.024038234242849316 -0.4640584537626758
v -0.08641396194457124 0.05545971648886741 -0.49870221876394505
v -0.36580674815248376 0.2038946340322143 -0.5066392376551647
v -0.3834844176821476 0.17247315178619615 -0.47199547265389546
v -0.1086545041999255 0.028526653508837152 -0.5344788647596437
v -0.12633217372958927 -0.0028948287371809434 -0.49983509975837437
vt 0.15625 0.6875
vt 0.1875 0.6875
vt 0.1875 0.53125
vt 0.15625 0.53125
vt 0.3125 0.84375
vt 0.34375 0.84375
vt 0.34375 0.6875
vt 0.3125 0.6875
vt 0.1875 0.6875
vt 0.21875 0.6875
vt 0.21875 0.53125
vt 0.1875 0.53125
vt 0.21875 0.6875
vt 0.25 0.6875
vt 0.25 0.53125
vt 0.21875 0.53125
vt 0.3125 0.34375
vt 0.28125 0.34375
vt 0.28125 0.375
vt 0.3125 0.375
vt 0.65625 0.71875
vt 0.625 0.71875
vt 0.625 0.6875
vt 0.65625 0.6875
vn 0.3535533905932754 0.6284296449203615 -0.692875300025385
vn 0.44481084510708396 0.5386612596006041 0.7155329199139706
vn -0.3535533905932754 -0.6284296449203615 0.692875300025385
vn -0.44481084510708396 -0.5386612596006041 -0.7155329199139706
vn -0.8228871806481863 0.5611775376748067 0.0890868067343325
vn 0.8228871806481863 -0.5611775376748067 -0.0890868067343325
usemtl m_0
f 92/268/67 95/267/67 93/266/67 90/265/67
f 91/272/68 92/271/68 90/270/68 89/269/68
f 96/276/69 91/275/69 89/274/69 94/273/69
f 95/280/70 96/279/70 94/278/70 93/277/70
f 94/284/71 89/283/71 90/282/71 93/281/71
f 95/288/72 92/287/72 91/286/72 96/285/72
o cube
v -0.10551752920101329 0.025440865263470502 -0.48606483219922825
v -0.09888840312738936 0.03722392110572731 -0.49905624407470417
v -0.0026566316199899687 -0.044706326945880365 -0.49720068304101983
v 0.003972494453633957 -0.03292327110362356 -0.5101920949164958
v -0.10722860647314722 0.027124022488215938 -0.5124724863230912
v -0.11385773254677115 0.015340966645959131 -0.49948107444761525
v -0.0043677088921239005 -0.04302316972113493 -0.5236083371648828
v -0.010996834965747826 -0.054806225563391736 -0.5106169252894068
vt 0.53125 0.84375
vt 0.5625 0.84375
vt 0.5625 0.78125
vt 0.53125 0.78125
vt 0.53125 0.78125
vt 0.5625 0.78125
vt 0.5625 0.71875
vt 0.53125 0.71875
vt 0.53125 0.625
vt 0.5625 0.625
vt 0.5625 0.5625
vt 0.53125 0.5625
vt 0.53125 0.5625
vt 0.5625 0.5625
vt 0.5625 0.5
vt 0.53125 0.5
vt 0.34375 0.34375
vt 0.3125 0.34375
vt 0.3125 0.375
vt 0.34375 0.375
vt 0.65625 0.6875
vt 0.625 0.6875
vt 0.625 0.65625
vt 0.65625 0.65625
vn 0.3535533905932754 0.6284296449203615 -0.692875300025385
vn 0.44481084510708396 0.5386612596006041 0.7155329199139706
vn -0.3535533905932754 -0.6284296449203615 0.692875300025385
vn -0.44481084510708396 -0.5386612596006041 -0.7155329199139706
vn -0.8228871806481863 0.5611775376748067 0.0890868067343325
vn 0.8228871806481863 -0.5611775376748067 -0.0890868067343325
usemtl m_0
f 100/292/73 103/291/73 101/290/73 98/289/73
f 99/296/74 100/295/74 98/294/74 97/293/74
f 104/300/75 99/299/75 97/298/75 102/297/75
f 103/304/76 104/303/76 102/302/76 101/301/76
f 102/308/77 97/307/77 98/306/77 101/305/77
f 103/312/78 100/311/78 99/310/78 104/309/78
o cube
v -0.0026566316199909124 1.4890568557648023 -0.5117624120852071
v 0.003972494453633013 1.4772737999225458 -0.5247538239606833
v -0.10551752920101426 1.4189096635554517 -0.5006265612434155
v -0.09888840312739033 1.4071266077131948 -0.5136179731188917
v -0.004367708892124789 1.4873736985400567 -0.5381700662090702
v -0.010996834965748714 1.4991567543823137 -0.5251786543335941
v -0.10722860647314814 1.4172265063307061 -0.5270342153672786
v -0.11385773254677206 1.429009562172963 -0.5140428034918025
vt 0.59375 0.40625
vt 0.625 0.40625
vt 0.625 0.34375
vt 0.59375 0.34375
vt 0 0.375
vt 0.03125 0.375
vt 0.03125 0.3125
vt 0 0.3125
vt 0.625 1
vt 0.65625 1
vt 0.65625 0.9375
vt 0.625 0.9375
vt 0.03125 0.375
vt 0.0625 0.375
vt 0.0625 0.3125
vt 0.03125 0.3125
vt 0.6875 0.78125
vt 0.65625 0.78125
vt 0.65625 0.8125
vt 0.6875 0.8125
vt 0.25 0.34375
vt 0.21875 0.34375
vt 0.21875 0.3125
vt 0.25 0.3125
vn 0.3535533905932754 -0.6284296449203615 -0.692875300025385
vn 0.44481084510708396 -0.5386612596006041 0.7155329199139706
vn -0.3535533905932754 0.6284296449203615 0.692875300025385
vn -0.44481084510708396 0.5386612596006041 -0.7155329199139706
vn 0.8228871806481863 0.5611775376748067 -0.0890868067343325
vn -0.8228871806481863 -0.5611775376748067 0.0890868067343325
usemtl m_0
f 108/316/79 111/315/79 109/314/79 106/313/79
f 107/320/80 108/319/80 106/318/80 105/317/80
f 112/324/81 107/323/81 105/322/81 110/321/81
f 111/328/82 112/327/82 110/326/82 109/325/82
f 110/332/83 105/331/83 106/330/83 109/329/83
f 111/336/84 108/335/84 107/334/84 112/333/84
o cube
v -0.10409163147423606 1.4203122945760729 -0.4786201828068632
v -0.08641396194457227 1.3888908123300547 -0.5132639478081324
v -0.3612438754267937 1.2449443140526961 -0.45078055570238434
v -0.34356620589712994 1.213522831806678 -0.48542432070365366
v -0.10865450419992642 1.415823875310085 -0.549040593803831
v -0.1263321737295902 1.447245357556103 -0.5143968288025617
v -0.36580674815248404 1.2404558947867081 -0.5212009666993521
v -0.38348441768214786 1.2718773770327263 -0.4865572016980828
vt 0.21875 0.53125
vt 0.25 0.53125
vt 0.25 0.375
vt 0.21875 0.375
vt 0.25 0.53125
vt 0.28125 0.53125
vt 0.28125 0.375
vt 0.25 0.375
vt 0.28125 0.53125
vt 0.3125 0.53125
vt 0.3125 0.375
vt 0.28125 0.375
vt 0.3125 0.53125
vt 0.34375 0.53125
vt 0.34375 0.375
vt 0.3125 0.375
vt 0.6875 0.75
vt 0.65625 0.75
vt 0.65625 0.78125
vt 0.6875 0.78125
vt 0.28125 0.34375
vt 0.25 0.34375
vt 0.25 0.3125
vt 0.28125 0.3125
vn 0.3535533905932754 -0.6284296449203615 -0.692875300025385
vn 0.44481084510708396 -0.5386612596006041 0.7155329199139706
vn -0.3535533905932754 0.6284296449203615 0.692875300025385
vn -0.44481084510708396 0.5386612596006041 -0.7155329199139706
vn 0.8228871806481863 0.5611775376748067 -0.0890868067343325
vn -0.8228871806481863 -0.5611775376748067 0.0890868067343325
usemtl m_0
f 116/340/85 119/339/85 117/338/85 114/337/85
f 115/344/86 116/343/86 114/342/86 113/341/86
f 120/348/87 115/347/87 113/346/87 118/345/87
f 119/352/88 120/351/88 118/350/88 117/349/88
f 118/356/89 113/355/89 114/354/89 117/353/89
f 119/360/90 116/359/90 115/358/90 120/357/90
o cube
v -0.34050917505293954 1.2891385743470776 -0.44871259294524307
v -0.30736354468481997 1.2302232951357939 -0.513669652322623
v -0.3572179463446441 1.240532107361734 -0.4131530888834005
v -0.32407231597652464 1.18161682815045 -0.47811014826078035
v -0.3633884115915918 1.2292282068287095 -0.5413549207399526
v -0.3965340419597113 1.2881434860399932 -0.47639786136257284
v -0.3800971828832964 1.1806217398433656 -0.5057954166781102
v -0.41324281325141593 1.2395370190546495 -0.44083835730073034
vt 0.65625 0.75
vt 0.6875 0.75
vt 0.6875 0.71875
vt 0.65625 0.71875
vt 0.28125 0.34375
vt 0.3125 0.34375
vt 0.3125 0.3125
vt 0.28125 0.3125
vt 0.65625 0.71875
vt 0.6875 0.71875
vt 0.6875 0.6875
vt 0.65625 0.6875
vt 0.3125 0.34375
vt 0.34375 0.34375
vt 0.34375 0.3125
vt 0.3125 0.3125
vt 0.6875 0.65625
vt 0.65625 0.65625
vt 0.65625 0.6875
vt 0.6875 0.6875
vt 0.375 0.34375
vt 0.34375 0.34375
vt 0.34375 0.3125
vt 0.375 0.3125
vn 0.3535533905932751 -0.6284296449203614 -0.6928753000253853
vn 0.8963978705083501 0.01592141291335017 0.44296429467727716
vn -0.3535533905932751 0.6284296449203614 0.6928753000253853
vn -0.8963978705083501 -0.01592141291335017 -0.44296429467727716
vn 0.267340340667274 0.7777034717654996 -0.5689520649894809
vn -0.267340340667274 -0.7777034717654996 0.5689520649894809
usemtl m_0
f 124/364/91 127/363/91 125/362/91 122/361/91
f 123/368/92 124/367/92 122/366/92 121/365/92
f 128/372/93 123/371/93 121/370/93 126/369/93
f 127/376/94 128/375/94 126/374/94 125/373/94
f 126/380/95 121/379/95 122/378/95 125/377/95
f 127/384/96 124/383/96 123/382/96 128/381/96
o cube
v -0.43540570164141335 1.0579330684397394 -0.28743479123112886
v -0.4022600712732938 0.9990177892284555 -0.3523918506085088
v -0.42687185930850574 1.014301191401201 -0.24350663578236292
v -0.3937262289403861 0.9553859121899171 -0.30846369515974287
v -0.4600972762977162 0.9775739523602531 -0.3624551291663574
v -0.4932429066658358 1.036489231571537 -0.29749806978897747
v -0.4515634339648086 0.9339420753217147 -0.3185269737175915
v -0.48470906433292815 0.9928573545329986 -0.25356991434021153
vt 0.65625 0.65625
vt 0.6875 0.65625
vt 0.6875 0.625
vt 0.65625 0.625
vt 0.59375 0.78125
vt 0.65625 0.78125
vt 0.65625 0.75
vt 0.59375 0.75
vt 0.375 0.34375
vt 0.40625 0.34375
vt 0.40625 0.3125
vt 0.375 0.3125
vt 0.59375 0.65625
vt 0.65625 0.65625
vt 0.65625 0.625
vt 0.59375 0.625
vt 0.09375 0.3125
vt 0.0625 0.3125
vt 0.0625 0.375
vt 0.09375 0.375
vt 0.65625 0.9375
vt 0.625 0.9375
vt 0.625 0.875
vt 0.65625 0.875
vn 0.3535533905932753 -0.6284296449203612 -0.6928753000253853
vn 0.925395280390758 0.3431013898912378 0.1610124569255778
vn -0.3535533905932753 0.6284296449203612 0.6928753000253853
vn -0.925395280390758 -0.3431013898912378 -0.1610124569255778
vn -0.13654147732652228 0.6981100326166139 -0.7028504871802547
vn 0.13654147732652228 -0.6981100326166139 0.7028504871802547
usemtl m_0
f 132/388/97 135/387/97 133/386/97 130/385/97
f 131/392/98 132/391/98 130/390/98 129/389/98
f 136/396/99 131/395/99 129/394/99 134/393/99
f 135/400/100 136/399/100 134/398/100 133/397/100
f 134/404/101 129/403/101 130/402/101 133/401/101
f 135/408/102 132/407/102 131/406/102 136/405/102
o cube
v -0.35236431985421546 1.2294404522930202 -0.42316738588745106
v -0.3302672329421358 1.1901635994854978 -0.4664720921390376
v -0.4480475129316824 0.9864224045859485 -0.25157716165791183
v -0.4259504260196027 0.947145551778426 -0.2948818679094984
v -0.3855099502223349 1.1912896425938824 -0.49568209409758013
v -0.4076070371344146 1.2305664954014048 -0.4523773878459936
v -0.48119314329980184 0.9482715948868106 -0.3240918698680409
v -0.5032902302118816 0.9875484476943331 -0.28078716361645434
vt 0.46875 0.6875
vt 0.5 0.6875
vt 0.5 0.53125
vt 0.46875 0.53125
vt 0.34375 0.53125
vt 0.375 0.53125
vt 0.375 0.375
vt 0.34375 0.375
vt 0.375 0.53125
vt 0.40625 0.53125
vt 0.40625 0.375
vt 0.375 0.375
vt 0.40625 0.53125
vt 0.4375 0.53125
vt 0.4375 0.375
vt 0.40625 0.375
vt 0.6875 0.59375
vt 0.65625 0.59375
vt 0.65625 0.625
vt 0.6875 0.625
vt 0.4375 0.34375
vt 0.40625 0.34375
vt 0.40625 0.3125
vt 0.4375 0.3125
vn 0.353553390593275 -0.6284296449203614 -0.6928753000253854
vn 0.8838834764831849 -0.018016689734153102 0.4673600313366798
vn -0.353553390593275 0.6284296449203614 0.6928753000253854
vn -0.8838834764831849 0.018016689734153102 -0.4673600313366798
vn 0.3061862178478943 0.7776577526626297 -0.5490887175345256
vn -0.3061862178478943 -0.7776577526626297 0.5490887175345256
usemtl m_0
f 140/412/103 143/411/103 141/410/103 138/409/103
f 139/416/104 140/415/104 138/414/104 137/413/104
f 144/420/105 139/419/105 137/418/105 142/417/105
f 143/424/106 144/423/106 142/422/106 141/421/106
f 142/428/107 137/427/107 138/426/107 141/425/107
f 143/432/108 140/431/108 139/430/108 144/429/108
o cube
v -0.45347974753944226 1.0199964401874615 -0.28480031773640185
v -0.43138266062736264 0.980719587379939 -0.3281050239879885
v -0.2621133613845067 0.8936115066458377 -0.07252218691817763
v -0.24001627447242702 0.8543346538383152 -0.1158268931697643
v -0.4755768344515219 0.9391906483556469 -0.3129897263224901
v -0.49767392136360145 0.9784675011631694 -0.26968502007090345
v -0.28421044829658626 0.8128057148140231 -0.10071159550426584
v -0.3063075352086659 0.8520825676215456 -0.05740688925267917
vt 0.4375 0.53125
vt 0.46875 0.53125
vt 0.46875 0.375
vt 0.4375 0.375
vt 0.46875 0.53125
vt 0.5 0.53125
vt 0.5 0.375
vt 0.46875 0.375
vt 0.5 1
vt 0.53125 1
vt 0.53125 0.84375
vt 0.5 0.84375
vt 0.5 0.84375
vt 0.53125 0.84375
vt 0.53125 0.6875
vt 0.5 0.6875
vt 0.6875 0.5625
vt 0.65625 0.5625
vt 0.65625 0.59375
vt 0.6875 0.59375
vt 0.46875 0.34375
vt 0.4375 0.34375
vt 0.4375 0.3125
vt 0.46875 0.3125
vn 0.3535533905932739 -0.628429644920361 -0.6928753000253862
vn 0.7071067811865475 0.664463024388675 -0.24184476264797522
vn -0.3535533905932739 0.628429644920361 0.6928753000253862
vn -0.7071067811865475 -0.664463024388675 0.24184476264797522
vn -0.6123724356957947 0.404431787333197 -0.6792900186183186
vn 0.6123724356957947 -0.404431787333197 0.6792900186183186
usemtl m_0
f 148/436/109 151/435/109 149/434/109 146/433/109
f 147/440/110 148/439/110 146/438/110 145/437/110
f 152/444/111 147/443/111 145/442/111 150/441/111
f 151/448/112 152/447/112 150/446/112 149/445/112
f 150/452/113 145/451/113 146/450/113 149/449/113
f 151/456/114 148/455/114 147/454/114 152/453/114
o cube
v -0.43138266062736264 0.9539508865863634 0.38763423041769374
v -0.45347974753944226 0.993227739393886 0.34432952416610707
v -0.24001627447242702 0.8275659530447396 0.17535609959946952
v -0.2621133613845067 0.866842805852262 0.13205139334788285
v -0.49767392136360145 0.9516988003695938 0.32921422650060866
v -0.4755768344515219 0.9124219475620713 0.37251893275219533
v -0.3063075352086659 0.8253138668279699 0.11693609568238439
v -0.28421044829658626 0.7860370140204475 0.16024080193397106
vt 0.4375 1
vt 0.46875 1
vt 0.46875 0.84375
vt 0.4375 0.84375
vt 0.4375 0.84375
vt 0.46875 0.84375
vt 0.46875 0.6875
vt 0.4375 0.6875
vt 0.4375 0.6875
vt 0.46875 0.6875
vt 0.46875 0.53125
vt 0.4375 0.53125
vt 0 0.53125
vt 0.03125 0.53125
vt 0.03125 0.375
vt 0 0.375
vt 0.65625 0.375
vt 0.625 0.375
vt 0.625 0.40625
vt 0.65625 0.40625
vt 0.65625 0.375
vt 0.625 0.375
vt 0.625 0.34375
vt 0.65625 0.34375
vn -0.3535533905932739 0.628429644920361 -0.6928753000253862
vn 0.7071067811865475 0.664463024388675 0.24184476264797522
vn 0.3535533905932739 -0.628429644920361 0.6928753000253862
vn -0.7071067811865475 -0.664463024388675 -0.24184476264797522
vn -0.6123724356957947 0.404431787333197 0.6792900186183186
vn 0.6123724356957947 -0.404431787333197 -0.6792900186183186
usemtl m_0
f 156/460/115 159/459/115 157/458/115 154/457/115
f 155/464/116 156/463/116 154/462/116 153/461/116
f 160/468/117 155/467/117 153/466/117 158/465/117
f 159/472/118 160/471/118 158/470/118 157/469/118
f 158/476/119 153/475/119 154/474/119 157/473/119
f 159/480/120 156/479/120 155/478/120 160/477/120
o cube
v -0.3302672329421357 1.163394898691922 0.5260012985687429
v -0.35236431985421546 1.2026717514994447 0.4826965923171563
v -0.42595042601960276 0.9203768509848502 0.3544110743392036
v -0.44804751293168243 0.9596537037923729 0.311106368087617
v -0.4076070371344146 1.2037977946078293 0.5119065942756988
v -0.38550995022233486 1.1645209418003066 0.5552113005272854
v -0.5032902302118816 0.9607797469007575 0.3403163700461595
v -0.48119314329980184 0.9215028940932348 0.3836210762977461
vt 0.46875 1
vt 0.5 1
vt 0.5 0.84375
vt 0.46875 0.84375
vt 0.03125 0.53125
vt 0.0625 0.53125
vt 0.0625 0.375
vt 0.03125 0.375
vt 0.0625 0.53125
vt 0.09375 0.53125
vt 0.09375 0.375
vt 0.0625 0.375
vt 0.09375 0.53125
vt 0.125 0.53125
vt 0.125 0.375
vt 0.09375 0.375
vt 0.6875 0.96875
vt 0.65625 0.96875
vt 0.65625 1
vt 0.6875 1
vt 0.6875 0.96875
vt 0.65625 0.96875
vt 0.65625 0.9375
vt 0.6875 0.9375
vn -0.353553390593275 0.6284296449203614 -0.6928753000253854
vn 0.8838834764831849 -0.018016689734153102 -0.4673600313366798
vn 0.353553390593275 -0.6284296449203614 0.6928753000253854
vn -0.8838834764831849 0.018016689734153102 0.4673600313366798
vn 0.3061862178478943 0.7776577526626297 0.5490887175345256
vn -0.3061862178478943 -0.7776577526626297 -0.5490887175345256
usemtl m_0
f 164/484/121 167/483/121 165/482/121 162/481/121
f 163/488/122 164/487/122 162/486/122 161/485/122
f 168/492/123 163/491/123 161/490/123 166/489/123
f 167/496/124 168/495/124 166/494/124 165/493/124
f 166/500/125 161/499/125 162/498/125 165/497/125
f 167/504/126 164/503/126 163/502/126 168/501/126
o cube
v -0.4022600712732938 0.9722490884348798 0.4119210570382141
v -0.43540570164141335 1.0311643676461637 0.34696399766083424
v -0.39372622894038617 0.9286172113963416 0.36799290158944825
v -0.42687185930850574 0.9875324906076255 0.3030358422120684
v -0.4932429066658358 1.0097205307779613 0.35702727621868285
v -0.46009727629771624 0.9508052515666774 0.4219843355960627
v -0.48470906433292815 0.9660886537394231 0.313099120769917
v -0.4515634339648086 0.9071733745281392 0.37805618014729686
vt 0.65625 0.9375
vt 0.6875 0.9375
vt 0.6875 0.90625
vt 0.65625 0.90625
vt 0.5625 0.46875
vt 0.625 0.46875
vt 0.625 0.4375
vt 0.5625 0.4375
vt 0.09375 0.34375
vt 0.125 0.34375
vt 0.125 0.3125
vt 0.09375 0.3125
vt 0.5625 0.4375
vt 0.625 0.4375
vt 0.625 0.40625
vt 0.5625 0.40625
vt 0.625 0.9375
vt 0.59375 0.9375
vt 0.59375 1
vt 0.625 1
vt 0.625 0.9375
vt 0.59375 0.9375
vt 0.59375 0.875
vt 0.625 0.875
vn -0.3535533905932753 0.6284296449203612 -0.6928753000253853
vn 0.925395280390758 0.3431013898912378 -0.1610124569255778
vn 0.3535533905932753 -0.6284296449203612 0.6928753000253853
vn -0.925395280390758 -0.3431013898912378 0.1610124569255778
vn -0.13654147732652228 0.6981100326166139 0.7028504871802547
vn 0.13654147732652228 -0.6981100326166139 -0.7028504871802547
usemtl m_0
f 172/508/127 175/507/127 173/506/127 170/505/127
f 171/512/128 172/511/128 170/510/128 169/509/128
f 176/516/129 171/515/129 169/514/129 174/513/129
f 175/520/130 176/519/130 174/518/130 173/517/130
f 174/524/131 169/523/131 170/522/131 173/521/131
f 175/528/132 172/527/132 171/526/132 176/525/132
o cube
v -0.30736354468481997 1.2034545943422184 0.5731988587523282
v -0.3405091750529395 1.2623698735535023 0.5082417993749484
v -0.3240723159765245 1.1548481273568747 0.5376393546904858
v -0.35721794634464404 1.2137634065681586 0.47268229531310596
v -0.3965340419597113 1.2613747852464179 0.5359270677922783
v -0.36338841159159174 1.202459506035134 0.6008841271696581
v -0.4132428132514159 1.2127683182610742 0.5003675637304357
v -0.3800971828832963 1.1538530390497903 0.5653246231078156
vt 0.65625 0.90625
vt 0.6875 0.90625
vt 0.6875 0.875
vt 0.65625 0.875
vt 0.59375 0.875
vt 0.65625 0.875
vt 0.65625 0.84375
vt 0.59375 0.84375
vt 0.125 0.34375
vt 0.15625 0.34375
vt 0.15625 0.3125
vt 0.125 0.3125
vt 0.59375 0.8125
vt 0.65625 0.8125
vt 0.65625 0.78125
vt 0.59375 0.78125
vt 0.625 0.65625
vt 0.59375 0.65625
vt 0.59375 0.71875
vt 0.625 0.71875
vt 0.625 0.59375
vt 0.59375 0.59375
vt 0.59375 0.53125
vt 0.625 0.53125
vn -0.3535533905932751 0.6284296449203614 -0.6928753000253853
vn 0.8963978705083501 0.01592141291335017 -0.44296429467727716
vn 0.3535533905932751 -0.6284296449203614 0.6928753000253853
vn -0.8963978705083501 -0.01592141291335017 0.44296429467727716
vn 0.267340340667274 0.7777034717654996 0.5689520649894809
vn -0.267340340667274 -0.7777034717654996 -0.5689520649894809
usemtl m_0
f 180/532/133 183/531/133 181/530/133 178/529/133
f 179/536/134 180/535/134 178/534/134 177/533/134
f 184/540/135 179/539/135 177/538/135 182/537/135
f 183/544/136 184/543/136 182/542/136 181/541/136
f 182/548/137 177/547/137 178/546/137 181/545/137
f 183/552/138 180/551/138 179/550/138 184/549/138
o cube
v -0.08641396194457224 1.3621221115364792 0.5727931542378377
v -0.10409163147423603 1.3935435937824971 0.5381493892365685
v -0.3435662058971292 1.186754131013103 0.544953527133359
v -0.36124387542679304 1.2181756132591208 0.5103097621320897
v -0.12633217372959019 1.4204766567625273 0.5739260352322669
v -0.1086545041999264 1.3890551745165094 0.6085698002335362
v -0.38348441768214714 1.245108676239151 0.5460864081277881
v -0.3658067481524834 1.213687193993133 0.5807301731290574
vt 0.125 0.53125
vt 0.15625 0.53125
vt 0.15625 0.375
vt 0.125 0.375
vt 0.15625 0.53125
vt 0.1875 0.53125
vt 0.1875 0.375
vt 0.15625 0.375
vt 0.46875 0.84375
vt 0.5 0.84375
vt 0.5 0.6875
vt 0.46875 0.6875
vt 0.1875 0.53125
vt 0.21875 0.53125
vt 0.21875 0.375
vt 0.1875 0.375
vt 0.6875 0.84375
vt 0.65625 0.84375
vt 0.65625 0.875
vt 0.6875 0.875
vt 0.1875 0.34375
vt 0.15625 0.34375
vt 0.15625 0.3125
vt 0.1875 0.3125
vn -0.3535533905932754 0.6284296449203615 -0.692875300025385
vn 0.44481084510708396 -0.5386612596006041 -0.7155329199139706
vn 0.3535533905932754 -0.6284296449203615 0.692875300025385
vn -0.44481084510708396 0.5386612596006041 0.7155329199139706
vn 0.8228871806481863 0.5611775376748067 0.0890868067343325
vn -0.8228871806481863 -0.5611775376748067 -0.0890868067343325
usemtl m_0
f 188/556/139 191/555/139 189/554/139 186/553/139
f 187/560/140 188/559/140 186/558/140 185/557/140
f 192/564/141 187/563/141 185/562/141 190/561/141
f 191/568/142 192/567/142 190/566/142 189/565/142
f 190/572/143 185/571/143 186/570/143 189/569/143
f 191/576/144 188/575/144 187/574/144 192/573/144
o cube
v 0.00742075024501232 1.4061093027091993 0.5422570307543191
v 0.0007916241713883387 1.4178923585514562 0.5292656188788429
v -0.1094918290798032 1.374978744505472 0.5736789521077794
v -0.11612095515342713 1.386761800347729 0.5606875402323033
v 0.0005181549749141978 1.4317096333479402 0.541937265646214
v 0.007147281048538123 1.4199265775056835 0.55492867752169
v -0.11639442434990133 1.400579075144213 0.5733591869996744
v -0.1097652982762774 1.3887960193019562 0.5863505988751503
vt 0.59375 0.53125
vt 0.625 0.53125
vt 0.625 0.46875
vt 0.59375 0.46875
vt 0.5 0.40625
vt 0.53125 0.40625
vt 0.53125 0.34375
vt 0.5 0.34375
vt 0.53125 0.40625
vt 0.5625 0.40625
vt 0.5625 0.34375
vt 0.53125 0.34375
vt 0.5625 0.40625
vt 0.59375 0.40625
vt 0.59375 0.34375
vt 0.5625 0.34375
vt 0.6875 0.8125
vt 0.65625 0.8125
vt 0.65625 0.84375
vt 0.6875 0.84375
vt 0.21875 0.34375
vt 0.1875 0.34375
vt 0.1875 0.3125
vt 0.21875 0.3125
vn -0.35355339059327545 0.6284296449203622 -0.6928753000253843
vn 0.014585023811956616 -0.7369213224791544 -0.6758211609264532
vn 0.35355339059327545 -0.6284296449203622 0.6928753000253843
vn -0.014585023811956616 0.7369213224791544 0.6758211609264532
vn 0.9353006345985251 0.24904446562981802 -0.2513753708276826
vn -0.9353006345985251 -0.24904446562981802 0.2513753708276826
usemtl m_0
f 196/580/145 199/579/145 197/578/145 194/577/145
f 195/584/146 196/583/146 194/582/146 193/581/146
f 200/588/147 195/587/147 193/586/147 198/585/147
f 199/592/148 200/591/148 198/590/148 197/589/148
f 198/596/149 193/595/149 194/594/149 197/593/149
f 199/600/150 196/599/150 195/598/150 200/597/150