# Made in Blockbench 4.2.5
mtllib Special_Weapon_Stick.mtl

o cube
v 0.06479700463278698 0.5550629014624008 0.0625
v 0.06479700463278698 0.5550629014624008 0
v 0.14082509913165242 0.27132218998998703 0.0625
v 0.14082509913165242 0.27132218998998703 0
v 0.004426640489720204 0.5388867111434932 0
v 0.004426640489720204 0.5388867111434932 0.0625
v 0.08045473498858564 0.25514599967107954 0
v 0.08045473498858564 0.25514599967107954 0.0625
vt 0 1
vt 0.03125 1
vt 0.03125 0.84375
vt 0 0.84375
vt 0.03125 1
vt 0.0625 1
vt 0.0625 0.84375
vt 0.03125 0.84375
vt 0.0625 1
vt 0.09375 1
vt 0.09375 0.84375
vt 0.0625 0.84375
vt 0.09375 1
vt 0.125 1
vt 0.125 0.84375
vt 0.09375 0.84375
vt 0.25 0.875
vt 0.21875 0.875
vt 0.21875 0.90625
vt 0.25 0.90625
vt 0.25 0.875
vt 0.21875 0.875
vt 0.21875 0.84375
vt 0.25 0.84375
vn 0 0 -1
vn 0.9659258262890683 0.25881904510252074 0
vn 0 0 1
vn -0.9659258262890683 -0.25881904510252074 0
vn -0.25881904510252074 0.9659258262890683 0
vn 0.25881904510252074 -0.9659258262890683 0
usemtl m_1
f 4/4/1 7/3/1 5/2/1 2/1/1
f 3/8/2 4/7/2 2/6/2 1/5/2
f 8/12/3 3/11/3 1/10/3 6/9/3
f 7/16/4 8/15/4 6/14/4 5/13/4
f 6/20/5 1/19/5 2/18/5 5/17/5
f 7/24/6 4/23/6 3/22/6 8/21/6
o cube
v 0.12196339813239773 0.6593251789555227 0.0625
v 0.12196339813239773 0.6593251789555227 0
v 0.06216911182535246 0.5149690020006341 0.0625
v 0.06216911182535246 0.5149690020006341 0
v 0.0642209273504423 0.6832428934783408 0
v 0.0642209273504423 0.6832428934783408 0.0625
v 0.004426641043397031 0.5388867165234523 0
v 0.004426641043397031 0.5388867165234523 0.0625
vt 0.0625 0.84375
vt 0.09375 0.84375
vt 0.09375 0.75
vt 0.0625 0.75
vt 0.09375 0.84375
vt 0.125 0.84375
vt 0.125 0.75
vt 0.09375 0.75
vt 0.125 0.84375
vt 0.15625 0.84375
vt 0.15625 0.75
vt 0.125 0.75
vt 0.15625 0.84375
vt 0.1875 0.84375
vt 0.1875 0.75
vt 0.15625 0.75
vt 0.25 0.8125
vt 0.21875 0.8125
vt 0.21875 0.84375
vt 0.25 0.84375
vt 0.25 0.8125
vt 0.21875 0.8125
vt 0.21875 0.78125
vt 0.25 0.78125
vn 0 0 -1
vn 0.9238795325112867 -0.3826834323650897 0
vn 0 0 1
vn -0.9238795325112867 0.3826834323650897 0
vn 0.3826834323650897 0.9238795325112867 0
vn -0.3826834323650897 -0.9238795325112867 0
usemtl m_1
f 12/28/7 15/27/7 13/26/7 10/25/7
f 11/32/8 12/31/8 10/30/8 9/29/8
f 16/36/9 11/35/9 9/34/9 14/33/9
f 15/40/10 16/39/10 14/38/10 13/37/10
f 14/44/11 9/43/11 10/42/11 13/41/11
f 15/48/12 12/47/12 11/46/12 16/45/12
o cube
v 0.029872247078675356 0.9514009961404966 0.0625
v 0.029872247078675356 0.9514009961404966 0
v 0.12196339817685897 0.659325179973852 0.0625
v 0.12196339817685897 0.659325179973852 0
v -0.02973506234308884 0.9326068836714794 0
v -0.02973506234308884 0.9326068836714794 0.0625
v 0.06235608875509479 0.6405310675048349 0
v 0.06235608875509479 0.6405310675048349 0.0625
vt 0.125 1
vt 0.15625 1
vt 0.15625 0.84375
vt 0.125 0.84375
vt 0 0.84375
vt 0.03125 0.84375
vt 0.03125 0.6875
vt 0 0.6875
vt 0.15625 1
vt 0.1875 1
vt 0.1875 0.84375
vt 0.15625 0.84375
vt 0.03125 0.84375
vt 0.0625 0.84375
vt 0.0625 0.6875
vt 0.03125 0.6875
vt 0.25 0.75
vt 0.21875 0.75
vt 0.21875 0.78125
vt 0.25 0.78125
vt 0.28125 1
vt 0.25 1
vt 0.25 0.96875
vt 0.28125 0.96875
vn 0 0 -1
vn 0.9537169507482269 0.30070579950427306 0
vn 0 0 1
vn -0.9537169507482269 -0.30070579950427306 0
vn -0.30070579950427306 0.9537169507482269 0
vn 0.30070579950427306 -0.9537169507482269 0
usemtl m_1
f 20/52/13 23/51/13 21/50/13 18/49/13
f 19/56/14 20/55/14 18/54/14 17/53/14
f 24/60/15 19/59/15 17/58/15 22/57/15
f 23/64/16 24/63/16 22/62/16 21/61/16
f 22/68/17 17/67/17 18/66/17 21/65/17
f 23/72/18 20/71/18 19/70/18 24/69/18
o cube
v 0.13772157321286166 0.8921995418630926 0.059375
v 0.13772157321286166 0.8921995418630926 0.0031250000000000028
v 0.09073629204031902 0.7431812683086821 0.059375
v 0.09073629204031902 0.7431812683086821 0.0031250000000000028
v 0.08407499473327396 0.9091142430852079 0.0031250000000000028
v 0.08407499473327396 0.9091142430852079 0.059375
v 0.037089713560731284 0.7600959695307975 0.0031250000000000028
v 0.037089713560731284 0.7600959695307975 0.059375
vt 0.1875 1
vt 0.21875 1
vt 0.21875 0.90625
vt 0.1875 0.90625
vt 0.1875 0.90625
vt 0.21875 0.90625
vt 0.21875 0.8125
vt 0.1875 0.8125
vt 0.1875 0.8125
vt 0.21875 0.8125
vt 0.21875 0.71875
vt 0.1875 0.71875
vt 0.21875 1
vt 0.25 1
vt 0.25 0.90625
vt 0.21875 0.90625
vt 0.28125 0.9375
vt 0.25 0.9375
vt 0.25 0.96875
vt 0.28125 0.96875
vt 0.09375 0.75
vt 0.0625 0.75
vt 0.0625 0.71875
vt 0.09375 0.71875
vn 0 0 -1
vn 0.9537169507482269 -0.30070579950427306 0
vn 0 0 1
vn -0.9537169507482269 0.30070579950427306 0
vn 0.30070579950427306 0.9537169507482269 0
vn -0.30070579950427306 -0.9537169507482269 0
usemtl m_1
f 28/76/19 31/75/19 29/74/19 26/73/19
f 27/80/20 28/79/20 26/78/20 25/77/20
f 32/84/21 27/83/21 25/82/21 30/81/21
f 31/88/22 32/87/22 30/86/22 29/85/22
f 30/92/23 25/91/23 26/90/23 29/89/23
f 31/96/24 28/95/24 27/94/24 32/93/24