# Made in Blockbench 4.2.5
mtllib barco_pirata.geo.mtl

o bone146
v -1.245639403021442 3.6094298756697043 4.5512456979644655
v -1.245299116145188 3.611578362450076 4.675866714688758
v -1.2988346614519626 3.2735682321804744 4.557181261393786
v -1.2984943745757087 3.2757167189608465 4.681802278118078
v -1.1221936413734102 3.592080370727462 4.675866714688758
v -1.122533928249664 3.5899318839470897 4.5512456979644655
v -1.1753888998039308 3.256218727238232 4.681802278118078
v -1.1757291866801847 3.2540702404578603 4.557181261393786
vt 0.26 0.35
vt 0.275 0.35
vt 0.275 0.31000000000000005
vt 0.26 0.31000000000000005
vt 0.26 0.35
vt 0.275 0.35
vt 0.275 0.31000000000000005
vt 0.26 0.31000000000000005
vt 0.26 0.35
vt 0.275 0.35
vt 0.275 0.31000000000000005
vt 0.26 0.31000000000000005
vt 0.26 0.35
vt 0.275 0.35
vt 0.275 0.31000000000000005
vt 0.26 0.31000000000000005
vt 0.26 0.35
vt 0.275 0.35
vt 0.275 0.33999999999999997
vt 0.26 0.33999999999999997
vt 0.26 0.35
vt 0.275 0.35
vt 0.275 0.31000000000000005
vt 0.26 0.31000000000000005
vn 0.002730157864681124 0.017237538353432325 0.9998476951563913
vn -0.9876883405951378 0.15643446504023098 4.7704895589362195e-18
vn -0.002730157864681124 -0.017237538353432325 -0.9998476951563913
vn 0.9876883405951378 -0.15643446504023098 -4.7704895589362195e-18
vn 0.156410639313498 0.9875379108768891 -0.017452406437283387
vn -0.156410639313498 -0.9875379108768891 0.017452406437283387
usemtl m_0
f 4/4/1 7/3/1 5/2/1 2/1/1
f 3/8/2 4/7/2 2/6/2 1/5/2
f 8/12/3 3/11/3 1/10/3 6/9/3
f 7/16/4 8/15/4 6/14/4 5/13/4
f 6/20/5 1/19/5 2/18/5 5/17/5
f 7/24/6 4/23/6 3/22/6 8/21/6
o bone147
v -0.552752007958377 5.398967579919249 4.562065022137777
v -0.5567216013244727 5.401041909626907 4.619346434034083
v -1.2104378617383988 3.590151413972601 4.581990084540933
v -1.2144074551044945 3.592225743680259 4.639271496437238
v -0.5028696925661653 5.381510247235909 4.623785662727616
v -0.4989000992000696 5.379435917528251 4.56650425083131
v -1.1605555463461872 3.5726940812892605 4.643710725130771
v -1.1565859529800915 3.5706197515816025 4.586429313234466
vt 0.295 0.36
vt 0.3 0.36
vt 0.3 0.29500000000000004
vt 0.295 0.29500000000000004
vt 0.295 0.36
vt 0.3 0.36
vt 0.3 0.29500000000000004
vt 0.295 0.29500000000000004
vt 0.295 0.36
vt 0.3 0.36
vt 0.3 0.29500000000000004
vt 0.295 0.29500000000000004
vt 0.295 0.36
vt 0.3 0.36
vt 0.3 0.29500000000000004
vt 0.295 0.29500000000000004
vt 0.295 0.36
vt 0.3 0.36
vt 0.3 0.29500000000000004
vt 0.295 0.29500000000000004
vt 0.295 0.36
vt 0.3 0.36
vt 0.3 0.29500000000000004
vt 0.295 0.29500000000000004
vn -0.06908897406453988 0.03610276876158582 0.9969570220177283
vn -0.9372680736787964 0.33993973485911 -0.07726276416461123
vn 0.06908897406453988 -0.03610276876158582 -0.9969570220177283
vn 0.9372680736787964 -0.33993973485911 0.07726276416461123
vn 0.34169470543915015 0.9397539926766291 -0.01035188500645496
vn -0.34169470543915015 -0.9397539926766291 0.01035188500645496
usemtl m_0
f 12/28/7 15/27/7 13/26/7 10/25/7
f 11/32/8 12/31/8 10/30/8 9/29/8
f 16/36/9 11/35/9 9/34/9 14/33/9
f 15/40/10 16/39/10 14/38/10 13/37/10
f 14/44/11 9/43/11 10/42/11 13/41/11
f 15/48/12 12/47/12 11/46/12 16/45/12
o bone147
v -0.08459150972963947 6.676871037215227 4.551834014909825
v -0.0880648715395167 6.678686058786255 4.601954782995489
v -0.7030123706708853 4.976044351952031 4.5705695163271765
v -0.7064857324807625 4.977859373523058 4.620690284412841
v -0.04094489072040752 6.661596013540882 4.60583907188541
v -0.037471528910530294 6.659780991969853 4.555718303799746
v -0.6593657516616533 4.960769328277685 4.624574573302762
v -0.6558923898517761 4.958954306706658 4.574453805217097
vt 0.295 0.36
vt 0.3 0.36
vt 0.3 0.29500000000000004
vt 0.295 0.29500000000000004
vt 0.295 0.36
vt 0.3 0.36
vt 0.3 0.29500000000000004
vt 0.295 0.29500000000000004
vt 0.295 0.36
vt 0.3 0.36
vt 0.3 0.29500000000000004
vt 0.295 0.29500000000000004
vt 0.295 0.36
vt 0.3 0.36
vt 0.3 0.29500000000000004
vt 0.295 0.29500000000000004
vt 0.295 0.36
vt 0.3 0.36
vt 0.3 0.29500000000000004
vt 0.295 0.29500000000000004
vt 0.295 0.36
vt 0.3 0.36
vt 0.3 0.29500000000000004
vt 0.295 0.29500000000000004
vn -0.06908897406453988 0.03610276876158582 0.9969570220177283
vn -0.9372680736787964 0.33993973485911 -0.07726276416461123
vn 0.06908897406453988 -0.03610276876158582 -0.9969570220177283
vn 0.9372680736787964 -0.33993973485911 0.07726276416461123
vn 0.34169470543915015 0.9397539926766291 -0.01035188500645496
vn -0.34169470543915015 -0.9397539926766291 0.01035188500645496
usemtl m_0
f 20/52/13 23/51/13 21/50/13 18/49/13
f 19/56/14 20/55/14 18/54/14 17/53/14
f 24/60/15 19/59/15 17/58/15 22/57/15
f 23/64/16 24/63/16 22/62/16 21/61/16
f 22/68/17 17/67/17 18/66/17 21/65/17
f 23/72/18 20/71/18 19/70/18 24/69/18
o bone148
v -1.0692380946013504 3.967333444762 4.303564258522795
v -1.061315730410357 3.9714705336169094 4.924743090262253
v -1.083715749256893 3.9267489620545746 4.304019198146402
v -1.0757933850658994 3.9308860509094843 4.92519802988586
v -1.0274962054922976 3.9594022003316436 4.924392140077063
v -1.0354185696832912 3.955265111476734 4.303213308337605
v -1.04197386014784 3.918817717624218 4.924847079700669
v -1.0498962243388335 3.9146806287693083 4.303668247961211
vt 0.28 0.33999999999999997
vt 0.31 0.33999999999999997
vt 0.31 0.33999999999999997
vt 0.28 0.33999999999999997
vt 0.28 0.33999999999999997
vt 0.31 0.33999999999999997
vt 0.31 0.33999999999999997
vt 0.28 0.33999999999999997
vt 0.28 0.33999999999999997
vt 0.31 0.33999999999999997
vt 0.31 0.33999999999999997
vt 0.28 0.33999999999999997
vt 0.28 0.33999999999999997
vt 0.31 0.33999999999999997
vt 0.31 0.33999999999999997
vt 0.28 0.33999999999999997
vt 0.28 0.33999999999999997
vt 0.28 0.33999999999999997
vt 0.28 0.31000000000000005
vt 0.28 0.31000000000000005
vt 0.28 0.33999999999999997
vt 0.28 0.33999999999999997
vt 0.28 0.31000000000000005
vt 0.28 0.31000000000000005
vn 0.012752437608051493 0.006659371650848488 0.9998965086969095
vn -0.9417857120038864 0.3360716592945188 0.009773048877487889
vn -0.012752437608051493 -0.006659371650848488 -0.9998965086969095
vn 0.9417857120038864 -0.3360716592945188 -0.009773048877487889
vn 0.33597179643592956 0.9418128755693697 -0.010557433938680538
vn -0.33597179643592956 -0.9418128755693697 0.010557433938680538
usemtl m_0
f 28/76/19 31/75/19 29/74/19 26/73/19
f 27/80/20 28/79/20 26/78/20 25/77/20
f 32/84/21 27/83/21 25/82/21 30/81/21
f 31/88/22 32/87/22 30/86/22 29/85/22
f 30/92/23 25/91/23 26/90/23 29/89/23
f 31/96/24 28/95/24 27/94/24 32/93/24
o bone148
v -0.8810279461619057 4.494933490019785 4.297650648556042
v -0.873517732784131 4.498855352145046 4.886513450069733
v -0.8955056008174482 4.454349007312359 4.298105588179649
v -0.8879953874396735 4.458270869437621 4.88696838969334
v -0.8396982078660715 4.486787018859781 4.886162499884543
v -0.8472084212438463 4.482865156734519 4.297299698370852
v -0.854175862521614 4.446202536152355 4.886617439508149
v -0.8616860758993888 4.442280674027093 4.297754637994458
vt 0.255 0.31999999999999995
vt 0.255 0.31999999999999995
vt 0.255 0.31999999999999995
vt 0.255 0.31999999999999995
vt 0.28 0.33999999999999997
vt 0.31 0.33999999999999997
vt 0.31 0.33999999999999997
vt 0.28 0.33999999999999997
vt 0.255 0.31999999999999995
vt 0.255 0.31999999999999995
vt 0.255 0.31999999999999995
vt 0.255 0.31999999999999995
vt 0.255 0.31999999999999995
vt 0.255 0.31999999999999995
vt 0.255 0.31999999999999995
vt 0.255 0.31999999999999995
vt 0.28 0.33999999999999997
vt 0.28 0.33999999999999997
vt 0.28 0.31000000000000005
vt 0.28 0.31000000000000005
vt 0.28 0.33999999999999997
vt 0.28 0.33999999999999997
vt 0.28 0.31000000000000005
vt 0.28 0.31000000000000005
vn 0.012752437608051493 0.006659371650848488 0.9998965086969095
vn -0.9417857120038864 0.3360716592945188 0.009773048877487889
vn -0.012752437608051493 -0.006659371650848488 -0.9998965086969095
vn 0.9417857120038864 -0.3360716592945188 -0.009773048877487889
vn 0.33597179643592956 0.9418128755693697 -0.010557433938680538
vn -0.33597179643592956 -0.9418128755693697 0.010557433938680538
usemtl m_0
f 36/100/25 39/99/25 37/98/25 34/97/25
f 35/104/26 36/103/26 34/102/26 33/101/26
f 40/108/27 35/107/27 33/106/27 38/105/27
f 39/112/28 40/111/28 38/110/28 37/109/28
f 38/116/29 33/115/29 34/114/29 37/113/29
f 39/120/30 36/119/30 35/118/30 40/117/30
o bone148
v -0.7000733544196772 4.9797737631180885 4.328027448579717
v -0.6934790211109128 4.983217349171386 4.845077682838796
v -0.7145510090752197 4.9391892804106625 4.328482388203323
v -0.7079566757664553 4.94263286646396 4.845532622462402
v -0.6596594961928532 4.97114901588612 4.844726732653605
v -0.6662538295016178 4.967705429832822 4.327676498394526
v -0.6741371508483958 4.930564533178694 4.845181672277212
v -0.6807314841571603 4.927120947125396 4.328131438018133
vt 0.255 0.31999999999999995
vt 0.255 0.31999999999999995
vt 0.255 0.31999999999999995
vt 0.255 0.31999999999999995
vt 0.28 0.33999999999999997
vt 0.31 0.33999999999999997
vt 0.31 0.33999999999999997
vt 0.28 0.33999999999999997
vt 0.255 0.31999999999999995
vt 0.255 0.31999999999999995
vt 0.255 0.31999999999999995
vt 0.255 0.31999999999999995
vt 0.255 0.31999999999999995
vt 0.255 0.31999999999999995
vt 0.255 0.31999999999999995
vt 0.255 0.31999999999999995
vt 0.28 0.33999999999999997
vt 0.28 0.33999999999999997
vt 0.28 0.31000000000000005
vt 0.28 0.31000000000000005
vt 0.28 0.33999999999999997
vt 0.28 0.33999999999999997
vt 0.28 0.31000000000000005
vt 0.28 0.31000000000000005
vn 0.012752437608051493 0.006659371650848488 0.9998965086969095
vn -0.9417857120038864 0.3360716592945188 0.009773048877487889
vn -0.012752437608051493 -0.006659371650848488 -0.9998965086969095
vn 0.9417857120038864 -0.3360716592945188 -0.009773048877487889
vn 0.33597179643592956 0.9418128755693697 -0.010557433938680538
vn -0.33597179643592956 -0.9418128755693697 0.010557433938680538
usemtl m_0
f 44/124/31 47/123/31 45/122/31 42/121/31
f 43/128/32 44/127/32 42/126/32 41/125/32
f 48/132/33 43/131/33 41/130/33 46/129/33
f 47/136/34 48/135/34 46/134/34 45/133/34
f 46/140/35 41/139/35 42/138/35 45/137/35
f 47/144/36 44/143/36 43/142/36 48/141/36
o bone148
v -0.5287709810756315 5.43755831687826 4.3587075433950195
v -0.5235504678703824 5.440284488823611 4.768038926772181
v -0.543248635731174 5.396973834170834 4.3591624830186255
v -0.5380281225259249 5.399700006116186 4.768493866395787
v -0.489730942952323 5.428216155538346 4.76768797658699
v -0.4949514561575721 5.4254899835929935 4.358356593209829
v -0.5042085976078655 5.38763167283092 4.768142916210597
v -0.5094291108131146 5.3849055008855675 4.358811532833435
vt 0.255 0.31999999999999995
vt 0.255 0.31999999999999995
vt 0.255 0.31999999999999995
vt 0.255 0.31999999999999995
vt 0.28 0.33999999999999997
vt 0.31 0.33999999999999997
vt 0.31 0.33999999999999997
vt 0.28 0.33999999999999997
vt 0.255 0.31999999999999995
vt 0.255 0.31999999999999995
vt 0.255 0.31999999999999995
vt 0.255 0.31999999999999995
vt 0.255 0.31999999999999995
vt 0.255 0.31999999999999995
vt 0.255 0.31999999999999995
vt 0.255 0.31999999999999995
vt 0.28 0.33999999999999997
vt 0.28 0.33999999999999997
vt 0.28 0.31000000000000005
vt 0.28 0.31000000000000005
vt 0.28 0.33999999999999997
vt 0.28 0.33999999999999997
vt 0.28 0.31000000000000005
vt 0.28 0.31000000000000005
vn 0.012752437608051493 0.006659371650848488 0.9998965086969095
vn -0.9417857120038864 0.3360716592945188 0.009773048877487889
vn -0.012752437608051493 -0.006659371650848488 -0.9998965086969095
vn 0.9417857120038864 -0.3360716592945188 -0.009773048877487889
vn 0.33597179643592956 0.9418128755693697 -0.010557433938680538
vn -0.33597179643592956 -0.9418128755693697 0.010557433938680538
usemtl m_0
f 52/148/37 55/147/37 53/146/37 50/145/37
f 51/152/38 52/151/38 50/150/38 49/149/38
f 56/156/39 51/155/39 49/154/39 54/153/39
f 55/160/40 56/159/40 54/158/40 53/157/40
f 54/164/41 49/163/41 50/162/41 53/161/41
f 55/168/42 52/167/42 51/166/42 56/165/42
o bone148
v -0.31114759126087 6.046566461424771 4.387789712873041
v -0.30684295812463114 6.048814357298159 4.7253085289955905
v -0.3256252459164125 6.005981978717346 4.388244652496648
v -0.32132061278017365 6.008229874590733 4.725763468619197
v -0.27302343320657174 6.036746024012892 4.7249575788104
v -0.2773280663428106 6.034498128139505 4.387438762687851
v -0.28750108786211426 5.996161541305467 4.725412518434006
v -0.2918057209983531 5.993913645432079 4.387893702311457
vt 0.255 0.31999999999999995
vt 0.255 0.31999999999999995
vt 0.255 0.31999999999999995
vt 0.255 0.31999999999999995
vt 0.28 0.33999999999999997
vt 0.31 0.33999999999999997
vt 0.31 0.33999999999999997
vt 0.28 0.33999999999999997
vt 0.255 0.31999999999999995
vt 0.255 0.31999999999999995
vt 0.255 0.31999999999999995
vt 0.255 0.31999999999999995
vt 0.255 0.31999999999999995
vt 0.255 0.31999999999999995
vt 0.255 0.31999999999999995
vt 0.255 0.31999999999999995
vt 0.28 0.33999999999999997
vt 0.28 0.33999999999999997
vt 0.28 0.31000000000000005
vt 0.28 0.31000000000000005
vt 0.28 0.33999999999999997
vt 0.28 0.33999999999999997
vt 0.28 0.31000000000000005
vt 0.28 0.31000000000000005
vn 0.012752437608051493 0.006659371650848488 0.9998965086969095
vn -0.9417857120038864 0.3360716592945188 0.009773048877487889
vn -0.012752437608051493 -0.006659371650848488 -0.9998965086969095
vn 0.9417857120038864 -0.3360716592945188 -0.009773048877487889
vn 0.33597179643592956 0.9418128755693697 -0.010557433938680538
vn -0.33597179643592956 -0.9418128755693697 0.010557433938680538
usemtl m_0
f 60/172/43 63/171/43 61/170/43 58/169/43
f 59/176/44 60/175/44 58/174/44 57/173/44
f 64/180/45 59/179/45 57/178/45 62/177/45
f 63/184/46 64/183/46 62/182/46 61/181/46
f 62/188/47 57/187/47 58/186/47 61/185/47
f 63/192/48 60/191/48 59/190/48 64/189/48
o bone148
v -0.07952169184912594 6.673452928360376 4.416574227023052
v -0.07613293878189742 6.675222548161799 4.682280475890988
v -0.09399934650466846 6.632868445652949 4.417029166646658
v -0.09061059343743993 6.634638065454373 4.682735415514595
v -0.042313413863838134 6.663154214876533 4.681929525705798
v -0.04570216693106666 6.661384595075109 4.416223276837861
v -0.05679106851938043 6.622569732169107 4.682384465329404
v -0.06017982158660895 6.620800112367684 4.4166782164614675
vt 0.255 0.31999999999999995
vt 0.255 0.31999999999999995
vt 0.255 0.31999999999999995
vt 0.255 0.31999999999999995
vt 0.28 0.33999999999999997
vt 0.31 0.33999999999999997
vt 0.31 0.33999999999999997
vt 0.28 0.33999999999999997
vt 0.255 0.31999999999999995
vt 0.255 0.31999999999999995
vt 0.255 0.31999999999999995
vt 0.255 0.31999999999999995
vt 0.255 0.31999999999999995
vt 0.255 0.31999999999999995
vt 0.255 0.31999999999999995
vt 0.255 0.31999999999999995
vt 0.28 0.33999999999999997
vt 0.28 0.33999999999999997
vt 0.28 0.31000000000000005
vt 0.28 0.31000000000000005
vt 0.28 0.33999999999999997
vt 0.28 0.33999999999999997
vt 0.28 0.31000000000000005
vt 0.28 0.31000000000000005
vn 0.012752437608051493 0.006659371650848488 0.9998965086969095
vn -0.9417857120038864 0.3360716592945188 0.009773048877487889
vn -0.012752437608051493 -0.006659371650848488 -0.9998965086969095
vn 0.9417857120038864 -0.3360716592945188 -0.009773048877487889
vn 0.33597179643592956 0.9418128755693697 -0.010557433938680538
vn -0.33597179643592956 -0.9418128755693697 0.010557433938680538
usemtl m_0
f 68/196/49 71/195/49 69/194/49 66/193/49
f 67/200/50 68/199/50 66/198/50 65/197/50
f 72/204/51 67/203/51 65/202/51 70/201/51
f 71/208/52 72/207/52 70/206/52 69/205/52
f 70/212/53 65/211/53 66/210/53 69/209/53
f 71/216/54 68/215/54 67/214/54 72/213/54
o bone149
v -0.5565819074128935 5.396350500177274 4.750669661871479
v -0.555054720573904 5.401104136790079 4.807908558640849
v -1.2128790674893501 3.5946562988670525 4.917809289742196
v -1.2113518806503607 3.599409935479858 4.975048186511566
v -0.5010632452253969 5.381454591116599 4.8080998923280225
v -0.5025904320643864 5.376700954503793 4.750860995558652
v -1.1573604053018536 3.5797603898063777 4.975239520198739
v -1.158887592140843 3.575006753193572 4.918000623429369
vt 0.295 0.36
vt 0.3 0.36
vt 0.3 0.29500000000000004
vt 0.295 0.29500000000000004
vt 0.295 0.36
vt 0.3 0.36
vt 0.3 0.29500000000000004
vt 0.295 0.29500000000000004
vt 0.295 0.36
vt 0.3 0.36
vt 0.3 0.29500000000000004
vt 0.295 0.29500000000000004
vt 0.295 0.36
vt 0.3 0.36
vt 0.3 0.29500000000000004
vt 0.295 0.29500000000000004
vt 0.295 0.36
vt 0.3 0.36
vt 0.3 0.29500000000000004
vt 0.295 0.29500000000000004
vt 0.295 0.36
vt 0.3 0.36
vt 0.3 0.29500000000000004
vt 0.295 0.29500000000000004
vn 0.026579995022114604 0.08273489155323925 0.996217065495416
vn -0.9396971669488904 0.3419914399822551 -0.003330076139201177
vn -0.026579995022114604 -0.08273489155323925 -0.996217065495416
vn 0.9396971669488904 -0.3419914399822551 0.003330076139201177
vn 0.3409732222519146 0.9360538407049764 -0.08683587397273677
vn -0.3409732222519146 -0.9360538407049764 0.08683587397273677
usemtl m_0
f 76/220/55 79/219/55 77/218/55 74/217/55
f 75/224/56 76/223/56 74/222/56 73/221/56
f 80/228/57 75/227/57 73/226/57 78/225/57
f 79/232/58 80/231/58 78/230/58 77/229/58
f 78/236/59 73/235/59 74/234/59 77/233/59
f 79/240/60 76/239/60 75/238/60 80/237/60
o bone149
v -0.08905104501885908 6.669378191691493 4.636076637970561
v -0.08771476899411623 6.673537584945718 4.6861602056670115
v -0.7061661196932929 4.975248277351282 4.793237738473386
v -0.7048298436685498 4.979407670605507 4.843321306169837
v -0.04047266854721965 6.65634439278991 4.686327621082315
v -0.04180894457196249 6.652184999535686 4.636244053385864
v -0.6575877432216531 4.962214478449699 4.84348872158514
v -0.6589240192463962 4.9580550851954746 4.793405153888689
vt 0.295 0.36
vt 0.3 0.36
vt 0.3 0.29500000000000004
vt 0.295 0.29500000000000004
vt 0.295 0.36
vt 0.3 0.36
vt 0.3 0.29500000000000004
vt 0.295 0.29500000000000004
vt 0.295 0.36
vt 0.3 0.36
vt 0.3 0.29500000000000004
vt 0.295 0.29500000000000004
vt 0.295 0.36
vt 0.3 0.36
vt 0.3 0.29500000000000004
vt 0.295 0.29500000000000004
vt 0.295 0.36
vt 0.3 0.36
vt 0.3 0.29500000000000004
vt 0.295 0.29500000000000004
vt 0.295 0.36
vt 0.3 0.36
vt 0.3 0.29500000000000004
vt 0.295 0.29500000000000004
vn 0.026579995022114604 0.08273489155323925 0.996217065495416
vn -0.9396971669488904 0.3419914399822551 -0.003330076139201177
vn -0.026579995022114604 -0.08273489155323925 -0.996217065495416
vn 0.9396971669488904 -0.3419914399822551 0.003330076139201177
vn 0.3409732222519146 0.9360538407049764 -0.08683587397273677
vn -0.3409732222519146 -0.9360538407049764 0.08683587397273677
usemtl m_0
f 84/244/61 87/243/61 85/242/61 82/241/61
f 83/248/62 84/247/62 82/246/62 81/245/62
f 88/252/63 83/251/63 81/250/63 86/249/63
f 87/256/64 88/255/64 86/254/64 85/253/64
f 86/260/65 81/259/65 82/258/65 85/257/65
f 87/264/66 84/263/66 83/262/66 88/261/66
o bone149
v -1.2451606392959087 3.615241351356882 4.884376622946701
v -1.2448203524196548 3.6173898381372536 5.0089976396709925
v -1.2983558977264293 3.279379707867652 4.890312186376021
v -1.2980156108501755 3.2815281946480237 5.014933203100313
v -1.1217148776478767 3.597891846414639 5.0089976396709925
v -1.1220551645241306 3.5957433596342674 4.884376622946701
v -1.1749101360783973 3.262030202925409 5.014933203100313
v -1.1752504229546512 3.2598817161450375 4.890312186376021
vt 0.26 0.35
vt 0.275 0.35
vt 0.275 0.31000000000000005
vt 0.26 0.31000000000000005
vt 0.26 0.35
vt 0.275 0.35
vt 0.275 0.31000000000000005
vt 0.26 0.31000000000000005
vt 0.26 0.35
vt 0.275 0.35
vt 0.275 0.31000000000000005
vt 0.26 0.31000000000000005
vt 0.26 0.35
vt 0.275 0.35
vt 0.275 0.31000000000000005
vt 0.26 0.31000000000000005
vt 0.26 0.35
vt 0.275 0.35
vt 0.275 0.33999999999999997
vt 0.26 0.33999999999999997
vt 0.26 0.35
vt 0.275 0.35
vt 0.275 0.31000000000000005
vt 0.26 0.31000000000000005
vn 0.002730157864681129 0.017237538353432325 0.9998476951563913
vn -0.9876883405951379 0.15643446504023098 1.908195823574488e-17
vn -0.002730157864681129 -0.017237538353432325 -0.9998476951563913
vn 0.9876883405951379 -0.15643446504023098 -1.908195823574488e-17
vn 0.15641063931349802 0.9875379108768892 -0.017452406437283394
vn -0.15641063931349802 -0.9875379108768892 0.017452406437283394
usemtl m_0
f 92/268/67 95/267/67 93/266/67 90/265/67
f 91/272/68 92/271/68 90/270/68 89/269/68
f 96/276/69 91/275/69 89/274/69 94/273/69
f 95/280/70 96/279/70 94/278/70 93/277/70
f 94/284/71 89/283/71 90/282/71 93/281/71
f 95/288/72 92/287/72 91/286/72 96/285/72
o bone150
v -0.5563380943913117 5.393001233406528 4.337907036033306
v -0.5575523161933988 5.390223580269503 4.39528325909241
v -1.2133683870569092 3.5866782151011596 4.236556354614763
v -1.2145826088589966 3.5839005619641346 4.293932577673868
v -0.5035608408448917 5.3705740345960225 4.395474592779583
v -0.5023466190428045 5.373351687733048 4.338098369720479
v -1.1605911335104895 3.564251016290654 4.29412391136104
v -1.159376911708402 3.567028669427679 4.236747688301936
vt 0.295 0.36
vt 0.3 0.36
vt 0.3 0.29500000000000004
vt 0.295 0.29500000000000004
vt 0.295 0.36
vt 0.3 0.36
vt 0.3 0.29500000000000004
vt 0.295 0.29500000000000004
vt 0.295 0.36
vt 0.3 0.36
vt 0.3 0.29500000000000004
vt 0.295 0.29500000000000004
vt 0.295 0.36
vt 0.3 0.36
vt 0.3 0.29500000000000004
vt 0.295 0.29500000000000004
vt 0.295 0.36
vt 0.3 0.36
vt 0.3 0.29500000000000004
vt 0.295 0.29500000000000004
vt 0.295 0.36
vt 0.3 0.36
vt 0.3 0.29500000000000004
vt 0.295 0.29500000000000004
vn -0.021132980347434566 -0.04834379440052123 0.9986071673509035
vn -0.9396971669488906 0.34199143998225506 -0.00333007613920117
vn 0.021132980347434566 0.04834379440052123 -0.9986071673509035
vn 0.9396971669488906 -0.34199143998225506 0.00333007613920117
vn 0.3413541146227245 0.9384587004881056 0.05265582501786528
vn -0.3413541146227245 -0.9384587004881056 -0.05265582501786528
usemtl m_0
f 100/292/73 103/291/73 101/290/73 98/289/73
f 99/296/74 100/295/74 98/294/74 97/293/74
f 104/300/75 99/299/75 97/298/75 102/297/75
f 103/304/76 104/303/76 102/302/76 101/301/76
f 102/308/77 97/307/77 98/306/77 101/305/77
f 103/312/78 100/311/78 99/310/78 104/309/78
o bone150
v -0.08846019098844016 6.6688311756999825 4.413169228630272
v -0.08952262515918186 6.666400751866239 4.46337295570988
v -0.7062646289574542 4.970348792814454 4.317869359704094
v -0.707327063128196 4.96791836898071 4.368073086783703
v -0.04228052471228527 6.649207559710431 4.463540371125183
v -0.04121809054154357 6.651637983544175 4.413336644045575
v -0.6600849626812995 4.950725176824902 4.368240502199005
v -0.6590225285105575 4.953155600658645 4.318036775119397
vt 0.295 0.36
vt 0.3 0.36
vt 0.3 0.29500000000000004
vt 0.295 0.29500000000000004
vt 0.295 0.36
vt 0.3 0.36
vt 0.3 0.29500000000000004
vt 0.295 0.29500000000000004
vt 0.295 0.36
vt 0.3 0.36
vt 0.3 0.29500000000000004
vt 0.295 0.29500000000000004
vt 0.295 0.36
vt 0.3 0.36
vt 0.3 0.29500000000000004
vt 0.295 0.29500000000000004
vt 0.295 0.36
vt 0.3 0.36
vt 0.3 0.29500000000000004
vt 0.295 0.29500000000000004
vt 0.295 0.36
vt 0.3 0.36
vt 0.3 0.29500000000000004
vt 0.295 0.29500000000000004
vn -0.021132980347434566 -0.04834379440052123 0.9986071673509035
vn -0.9396971669488906 0.34199143998225506 -0.00333007613920117
vn 0.021132980347434566 0.04834379440052123 -0.9986071673509035
vn 0.9396971669488906 -0.34199143998225506 0.00333007613920117
vn 0.3413541146227245 0.9384587004881056 0.05265582501786528
vn -0.3413541146227245 -0.9384587004881056 -0.05265582501786528
usemtl m_0
f 108/316/79 111/315/79 109/314/79 106/313/79
f 107/320/80 108/319/80 106/318/80 105/317/80
f 112/324/81 107/323/81 105/322/81 110/321/81
f 111/328/82 112/327/82 110/326/82 109/325/82
f 110/332/83 105/331/83 106/330/83 109/329/83
f 111/336/84 108/335/84 107/334/84 112/333/84
o bone150
v -1.247023398705402 3.603480351313719 4.202190539018447
v -1.2466831118291481 3.605628838094091 4.326811555742738
v -1.3002186571359227 3.267618707824489 4.208126102447767
v -1.2998783702596688 3.269767194604861 4.332747119172058
v -1.12357763705737 3.5861308463714763 4.326811555742738
v -1.1239179239336239 3.5839823595911042 4.202190539018447
v -1.1767728954878907 3.2502692028822464 4.332747119172058
v -1.1771131823641445 3.2481207161018744 4.208126102447767
vt 0.26 0.35
vt 0.275 0.35
vt 0.275 0.31000000000000005
vt 0.26 0.31000000000000005
vt 0.26 0.35
vt 0.275 0.35
vt 0.275 0.31000000000000005
vt 0.26 0.31000000000000005
vt 0.26 0.35
vt 0.275 0.35
vt 0.275 0.31000000000000005
vt 0.26 0.31000000000000005
vt 0.26 0.35
vt 0.275 0.35
vt 0.275 0.31000000000000005
vt 0.26 0.31000000000000005
vt 0.26 0.35
vt 0.275 0.35
vt 0.275 0.33999999999999997
vt 0.26 0.33999999999999997
vt 0.26 0.35
vt 0.275 0.35
vt 0.275 0.31000000000000005
vt 0.26 0.31000000000000005
vn 0.002730157864681129 0.017237538353432325 0.9998476951563913
vn -0.9876883405951379 0.15643446504023098 1.908195823574488e-17
vn -0.002730157864681129 -0.017237538353432325 -0.9998476951563913
vn 0.9876883405951379 -0.15643446504023098 -1.908195823574488e-17
vn 0.15641063931349802 0.9875379108768892 -0.017452406437283394
vn -0.15641063931349802 -0.9875379108768892 0.017452406437283394
usemtl m_0
f 116/340/85 119/339/85 117/338/85 114/337/85
f 115/344/86 116/343/86 114/342/86 113/341/86
f 120/348/87 115/347/87 113/346/87 118/345/87
f 119/352/88 120/351/88 118/350/88 117/349/88
f 118/356/89 113/355/89 114/354/89 117/353/89
f 119/360/90 116/359/90 115/358/90 120/357/90
o bone150
v -1.3127033321188077 3.3070562322254955 4.202729559822351
v -1.3123371087428395 3.3093684756202246 4.33684912965063
v -1.29613134988294 3.196203636635047 4.204595425743202
v -1.2957651265069718 3.1985158800297766 4.33871499557148
v -1.1796714818820904 3.3291895621943532 4.3361451575876995
v -1.1800377052580586 3.3268773187996237 4.2020255877594215
v -1.1630994996462227 3.218336966603905 4.3380110235085505
v -1.163465723022191 3.2160247232091757 4.203891453680272
vt 0.2 0.43000000000000005
vt 0.2 0.43000000000000005
vt 0.2 0.43000000000000005
vt 0.2 0.43000000000000005
vt 0.2 0.43000000000000005
vt 0.2 0.43000000000000005
vt 0.2 0.43000000000000005
vt 0.2 0.43000000000000005
vt 0.2 0.43000000000000005
vt 0.2 0.43000000000000005
vt 0.2 0.43000000000000005
vt 0.2 0.43000000000000005
vt 0.2 0.43000000000000005
vt 0.2 0.43000000000000005
vt 0.2 0.43000000000000005
vt 0.2 0.43000000000000005
vt 0.2 0.43000000000000005
vt 0.2 0.43000000000000005
vt 0.2 0.43000000000000005
vt 0.2 0.43000000000000005
vt 0.2 0.43000000000000005
vt 0.2 0.43000000000000005
vt 0.2 0.43000000000000005
vt 0.2 0.43000000000000005
vn 0.002730157864681129 0.017237538353432325 0.9998476951563914
vn -0.9890086988277109 -0.14776417604091532 0.005248039830996843
vn -0.002730157864681129 -0.017237538353432325 -0.9998476951563914
vn 0.9890086988277109 0.14776417604091532 -0.005248039830996843
vn -0.14783213412905957 0.9888723959897269 -0.016644655850584635
vn 0.14783213412905957 -0.9888723959897269 0.016644655850584635
usemtl m_0
f 124/364/91 127/363/91 125/362/91 122/361/91
f 123/368/92 124/367/92 122/366/92 121/365/92
f 128/372/93 123/371/93 121/370/93 126/369/93
f 127/376/94 128/375/94 126/374/94 125/373/94
f 126/380/95 121/379/95 122/378/95 125/377/95
f 127/384/96 124/383/96 123/382/96 128/381/96
o bone150
v -1.3117436816293724 3.313115226956727 4.5541760246698235
v -1.311377458253404 3.315427470351456 4.6882955944981015
v -1.2951716993935047 3.2022626313662785 4.556041890590674
v -1.2948054760175365 3.204574874761008 4.6901614604189525
v -1.178711831392655 3.3352485569255848 4.687591622435172
v -1.1790780547686233 3.332936313530855 4.553472052606893
v -1.1621398491567874 3.2243959613351363 4.689457488356022
v -1.1625060725327556 3.222083717940407 4.555337918527743
vt 0.2 0.43000000000000005
vt 0.2 0.43000000000000005
vt 0.2 0.43000000000000005
vt 0.2 0.43000000000000005
vt 0.2 0.43000000000000005
vt 0.2 0.43000000000000005
vt 0.2 0.43000000000000005
vt 0.2 0.43000000000000005
vt 0.2 0.43000000000000005
vt 0.2 0.43000000000000005
vt 0.2 0.43000000000000005
vt 0.2 0.43000000000000005
vt 0.2 0.43000000000000005
vt 0.2 0.43000000000000005
vt 0.2 0.43000000000000005
vt 0.2 0.43000000000000005
vt 0.2 0.43000000000000005
vt 0.2 0.43000000000000005
vt 0.2 0.43000000000000005
vt 0.2 0.43000000000000005
vt 0.2 0.43000000000000005
vt 0.2 0.43000000000000005
vt 0.2 0.43000000000000005
vt 0.2 0.43000000000000005
vn 0.002730157864681129 0.017237538353432325 0.9998476951563914
vn -0.9890086988277109 -0.14776417604091532 0.005248039830996843
vn -0.002730157864681129 -0.017237538353432325 -0.9998476951563914
vn 0.9890086988277109 0.14776417604091532 -0.005248039830996843
vn -0.14783213412905957 0.9888723959897269 -0.016644655850584635
vn 0.14783213412905957 -0.9888723959897269 0.016644655850584635
usemtl m_0
f 132/388/97 135/387/97 133/386/97 130/385/97
f 131/392/98 132/391/98 130/390/98 129/389/98
f 136/396/99 131/395/99 129/394/99 134/393/99
f 135/400/100 136/399/100 134/398/100 133/397/100
f 134/404/101 129/403/101 130/402/101 133/401/101
f 135/408/102 132/407/102 131/406/102 136/405/102
o bone150
v -1.310848872389223 3.3187648301520642 4.88187610675733
v -1.3104826490132546 3.321077073546794 5.015995676585609
v -1.2942768901533555 3.2079122345616162 4.883741972678181
v -1.2939106667773872 3.2102244779563454 5.017861542506459
v -1.1778170221525057 3.340898160120922 5.015291704522679
v -1.178183245528474 3.338585916726193 4.881172134694401
v -1.161245039916638 3.230045564530474 5.01715757044353
v -1.1616112632926063 3.2277333211357444 4.883038000615251
vt 0.2 0.43000000000000005
vt 0.2 0.43000000000000005
vt 0.2 0.43000000000000005
vt 0.2 0.43000000000000005
vt 0.2 0.43000000000000005
vt 0.2 0.43000000000000005
vt 0.2 0.43000000000000005
vt 0.2 0.43000000000000005
vt 0.2 0.43000000000000005
vt 0.2 0.43000000000000005
vt 0.2 0.43000000000000005
vt 0.2 0.43000000000000005
vt 0.2 0.43000000000000005
vt 0.2 0.43000000000000005
vt 0.2 0.43000000000000005
vt 0.2 0.43000000000000005
vt 0.2 0.43000000000000005
vt 0.2 0.43000000000000005
vt 0.2 0.43000000000000005
vt 0.2 0.43000000000000005
vt 0.2 0.43000000000000005
vt 0.2 0.43000000000000005
vt 0.2 0.43000000000000005
vt 0.2 0.43000000000000005
vn 0.002730157864681129 0.017237538353432325 0.9998476951563914
vn -0.9890086988277109 -0.14776417604091532 0.005248039830996843
vn -0.002730157864681129 -0.017237538353432325 -0.9998476951563914
vn 0.9890086988277109 0.14776417604091532 -0.005248039830996843
vn -0.14783213412905957 0.9888723959897269 -0.016644655850584635
vn 0.14783213412905957 -0.9888723959897269 0.016644655850584635
usemtl m_0
f 140/412/103 143/411/103 141/410/103 138/409/103
f 139/416/104 140/415/104 138/414/104 137/413/104
f 144/420/105 139/419/105 137/418/105 142/417/105
f 143/424/106 144/423/106 142/422/106 141/421/106
f 142/428/107 137/427/107 138/426/107 141/425/107
f 143/432/108 140/431/108 139/430/108 144/429/108
o bone152
v 1.122533928249665 3.5899318839470897 4.5512456979644655
v 1.122193641373411 3.592080370727462 4.675866714688758
v 1.1757291866801853 3.2540702404578603 4.557181261393786
v 1.1753888998039315 3.256218727238232 4.681802278118078
v 1.2452991161451892 3.611578362450076 4.675866714688758
v 1.245639403021443 3.6094298756697043 4.5512456979644655
v 1.2984943745757096 3.2757167189608465 4.681802278118078
v 1.2988346614519635 3.2735682321804744 4.557181261393786
vt 0.275 0.35
vt 0.26 0.35
vt 0.26 0.31000000000000005
vt 0.275 0.31000000000000005
vt 0.275 0.35
vt 0.26 0.35
vt 0.26 0.31000000000000005
vt 0.275 0.31000000000000005
vt 0.275 0.35
vt 0.26 0.35
vt 0.26 0.31000000000000005
vt 0.275 0.31000000000000005
vt 0.275 0.35
vt 0.26 0.35
vt 0.26 0.31000000000000005
vt 0.275 0.31000000000000005
vt 0.275 0.35
vt 0.26 0.35
vt 0.26 0.33999999999999997
vt 0.275 0.33999999999999997
vt 0.275 0.35
vt 0.26 0.35
vt 0.26 0.31000000000000005
vt 0.275 0.31000000000000005
vn -0.0027301578646811205 0.01723753835343233 0.9998476951563914
vn -0.9876883405951378 -0.15643446504023076 -8.673617379884035e-18
vn 0.0027301578646811205 -0.01723753835343233 -0.9998476951563914
vn 0.9876883405951378 0.15643446504023076 8.673617379884035e-18
vn -0.1564106393134978 0.9875379108768894 -0.01745240643728339
vn 0.1564106393134978 -0.9875379108768894 0.01745240643728339
usemtl m_0
f 148/436/109 151/435/109 149/434/109 146/433/109
f 147/440/110 148/439/110 146/438/110 145/437/110
f 152/444/111 147/443/111 145/442/111 150/441/111
f 151/448/112 152/447/112 150/446/112 149/445/112
f 150/452/113 145/451/113 146/450/113 149/449/113
f 151/456/114 148/455/114 147/454/114 152/453/114
o bone153
v 0.49890009920007095 5.379435917528252 4.56650425083131
v 0.5028696925661666 5.381510247235909 4.623785662727616
v 1.1565859529800924 3.5706197515816025 4.586429313234466
v 1.160555546346188 3.5726940812892605 4.643710725130771
v 0.556721601324474 5.401041909626908 4.619346434034083
v 0.5527520079583783 5.398967579919249 4.562065022137777
v 1.2144074551044954 3.592225743680259 4.639271496437238
v 1.2104378617383997 3.590151413972601 4.581990084540933
vt 0.3 0.36
vt 0.295 0.36
vt 0.295 0.29500000000000004
vt 0.3 0.29500000000000004
vt 0.3 0.36
vt 0.295 0.36
vt 0.295 0.29500000000000004
vt 0.3 0.29500000000000004
vt 0.3 0.36
vt 0.295 0.36
vt 0.295 0.29500000000000004
vt 0.3 0.29500000000000004
vt 0.3 0.36
vt 0.295 0.36
vt 0.295 0.29500000000000004
vt 0.3 0.29500000000000004
vt 0.3 0.36
vt 0.295 0.36
vt 0.295 0.29500000000000004
vt 0.3 0.29500000000000004
vt 0.3 0.36
vt 0.295 0.36
vt 0.295 0.29500000000000004
vt 0.3 0.29500000000000004
vn 0.0690889740645399 0.03610276876158581 0.9969570220177282
vn -0.9372680736787965 -0.3399397348591098 0.07726276416461123
vn -0.0690889740645399 -0.03610276876158581 -0.9969570220177282
vn 0.9372680736787965 0.3399397348591098 -0.07726276416461123
vn -0.3416947054391499 0.9397539926766291 -0.01035188500645497
vn 0.3416947054391499 -0.9397539926766291 0.01035188500645497
usemtl m_0
f 156/460/115 159/459/115 157/458/115 154/457/115
f 155/464/116 156/463/116 154/462/116 153/461/116
f 160/468/117 155/467/117 153/466/117 158/465/117
f 159/472/118 160/471/118 158/470/118 157/469/118
f 158/476/119 153/475/119 154/474/119 157/473/119
f 159/480/120 156/479/120 155/478/120 160/477/120
o bone153
v 0.03747152891053207 6.659780991969853 4.555718303799746
v 0.0409448907204093 6.661596013540882 4.60583907188541
v 0.6558923898517772 4.958954306706658 4.574453805217097
v 0.6593657516616545 4.960769328277686 4.624574573302762
v 0.08806487153951847 6.678686058786255 4.601954782995489
v 0.08459150972964125 6.676871037215227 4.551834014909825
v 0.7064857324807639 4.977859373523059 4.620690284412841
v 0.7030123706708866 4.976044351952031 4.5705695163271765
vt 0.3 0.36
vt 0.295 0.36
vt 0.295 0.29500000000000004
vt 0.3 0.29500000000000004
vt 0.3 0.36
vt 0.295 0.36
vt 0.295 0.29500000000000004
vt 0.3 0.29500000000000004
vt 0.3 0.36
vt 0.295 0.36
vt 0.295 0.29500000000000004
vt 0.3 0.29500000000000004
vt 0.3 0.36
vt 0.295 0.36
vt 0.295 0.29500000000000004
vt 0.3 0.29500000000000004
vt 0.3 0.36
vt 0.295 0.36
vt 0.295 0.29500000000000004
vt 0.3 0.29500000000000004
vt 0.3 0.36
vt 0.295 0.36
vt 0.295 0.29500000000000004
vt 0.3 0.29500000000000004
vn 0.0690889740645399 0.03610276876158581 0.9969570220177282
vn -0.9372680736787965 -0.3399397348591098 0.07726276416461123
vn -0.0690889740645399 -0.03610276876158581 -0.9969570220177282
vn 0.9372680736787965 0.3399397348591098 -0.07726276416461123
vn -0.3416947054391499 0.9397539926766291 -0.01035188500645497
vn 0.3416947054391499 -0.9397539926766291 0.01035188500645497
usemtl m_0
f 164/484/121 167/483/121 165/482/121 162/481/121
f 163/488/122 164/487/122 162/486/122 161/485/122
f 168/492/123 163/491/123 161/490/123 166/489/123
f 167/496/124 168/495/124 166/494/124 165/493/124
f 166/500/125 161/499/125 162/498/125 165/497/125
f 167/504/126 164/503/126 163/502/126 168/501/126
o bone154
v 1.035418569683292 3.955265111476734 4.303213308337605
v 1.0274962054922985 3.9594022003316436 4.924392140077063
v 1.0498962243388343 3.9146806287693083 4.303668247961211
v 1.041973860147841 3.918817717624218 4.924847079700669
v 1.061315730410358 3.9714705336169094 4.924743090262253
v 1.0692380946013513 3.967333444762 4.303564258522795
v 1.0757933850659003 3.9308860509094843 4.92519802988586
v 1.0837157492568938 3.9267489620545746 4.304019198146402
vt 0.31 0.33999999999999997
vt 0.28 0.33999999999999997
vt 0.28 0.33999999999999997
vt 0.31 0.33999999999999997
vt 0.31 0.33999999999999997
vt 0.28 0.33999999999999997
vt 0.28 0.33999999999999997
vt 0.31 0.33999999999999997
vt 0.31 0.33999999999999997
vt 0.28 0.33999999999999997
vt 0.28 0.33999999999999997
vt 0.31 0.33999999999999997
vt 0.31 0.33999999999999997
vt 0.28 0.33999999999999997
vt 0.28 0.33999999999999997
vt 0.31 0.33999999999999997
vt 0.28 0.33999999999999997
vt 0.28 0.33999999999999997
vt 0.28 0.31000000000000005
vt 0.28 0.31000000000000005
vt 0.28 0.33999999999999997
vt 0.28 0.33999999999999997
vt 0.28 0.31000000000000005
vt 0.28 0.31000000000000005
vn -0.012752437608051491 0.00665937165084849 0.9998965086969094
vn -0.9417857120038864 -0.3360716592945186 -0.009773048877487889
vn 0.012752437608051491 -0.00665937165084849 -0.9998965086969094
vn 0.9417857120038864 0.3360716592945186 0.009773048877487889
vn -0.3359717964359294 0.9418128755693697 -0.01055743393868054
vn 0.3359717964359294 -0.9418128755693697 0.01055743393868054
usemtl m_0
f 172/508/127 175/507/127 173/506/127 170/505/127
f 171/512/128 172/511/128 170/510/128 169/509/128
f 176/516/129 171/515/129 169/514/129 174/513/129
f 175/520/130 176/519/130 174/518/130 173/517/130
f 174/524/131 169/523/131 170/522/131 173/521/131
f 175/528/132 172/527/132 171/526/132 176/525/132
o bone154
v 0.8472084212438473 4.482865156734519 4.297299698370852
v 0.8396982078660726 4.486787018859781 4.886162499884543
v 0.8616860758993898 4.442280674027094 4.297754637994458
v 0.8541758625216151 4.446202536152355 4.886617439508149
v 0.873517732784132 4.498855352145046 4.886513450069733
v 0.8810279461619067 4.494933490019785 4.297650648556042
v 0.8879953874396745 4.458270869437621 4.88696838969334
v 0.8955056008174492 4.454349007312359 4.298105588179649
vt 0.255 0.31999999999999995
vt 0.255 0.31999999999999995
vt 0.255 0.31999999999999995
vt 0.255 0.31999999999999995
vt 0.255 0.31999999999999995
vt 0.255 0.31999999999999995
vt 0.255 0.31999999999999995
vt 0.255 0.31999999999999995
vt 0.255 0.31999999999999995
vt 0.255 0.31999999999999995
vt 0.255 0.31999999999999995
vt 0.255 0.31999999999999995
vt 0.31 0.33999999999999997
vt 0.28 0.33999999999999997
vt 0.28 0.33999999999999997
vt 0.31 0.33999999999999997
vt 0.28 0.33999999999999997
vt 0.28 0.33999999999999997
vt 0.28 0.31000000000000005
vt 0.28 0.31000000000000005
vt 0.28 0.33999999999999997
vt 0.28 0.33999999999999997
vt 0.28 0.31000000000000005
vt 0.28 0.31000000000000005
vn -0.012752437608051491 0.00665937165084849 0.9998965086969094
vn -0.9417857120038864 -0.3360716592945186 -0.009773048877487889
vn 0.012752437608051491 -0.00665937165084849 -0.9998965086969094
vn 0.9417857120038864 0.3360716592945186 0.009773048877487889
vn -0.3359717964359294 0.9418128755693697 -0.01055743393868054
vn 0.3359717964359294 -0.9418128755693697 0.01055743393868054
usemtl m_0
f 180/532/133 183/531/133 181/530/133 178/529/133
f 179/536/134 180/535/134 178/534/134 177/533/134
f 184/540/135 179/539/135 177/538/135 182/537/135
f 183/544/136 184/543/136 182/542/136 181/541/136
f 182/548/137 177/547/137 178/546/137 181/545/137
f 183/552/138 180/551/138 179/550/138 184/549/138
o bone154
v 0.6662538295016189 4.967705429832822 4.327676498394526
v 0.6596594961928544 4.97114901588612 4.844726732653605
v 0.6807314841571614 4.927120947125396 4.328131438018133
v 0.6741371508483969 4.930564533178694 4.845181672277212
v 0.6934790211109139 4.983217349171386 4.845077682838796
v 0.7000733544196783 4.9797737631180885 4.328027448579717
v 0.7079566757664564 4.94263286646396 4.845532622462402
v 0.7145510090752208 4.9391892804106625 4.328482388203323
vt 0.255 0.31999999999999995
vt 0.255 0.31999999999999995
vt 0.255 0.31999999999999995
vt 0.255 0.31999999999999995
